TDRS 3                  
1 19548U 88091B   23113.51377133 -.00000305  00000+0  00000+0 0  9990
2 19548  13.4862 348.9542 0037855 339.1940  19.2056  1.00269717113848
FLTSATCOM 8 (USA 46)    
1 20253U 89077A   23113.75275625 -.00000084  00000+0  00000+0 0  9993
2 20253  12.7679 358.1954 0005215  99.0560  97.1060  1.00271771249063
SKYNET 4C               
1 20776U 90079A   23113.81685628  .00000120  00000+0  00000+0 0  9992
2 20776  13.7117 357.7679 0002506  37.7494 143.5827  1.00277748119406
TDRS 5                  
1 21639U 91054B   23113.84858397  .00000080  00000+0  00000+0 0  9998
2 21639  14.2120   2.2532 0027816 358.0467 349.2504  1.00279030116179
TDRS 6                  
1 22314U 93003B   23113.19784397 -.00000301  00000+0  00000+0 0  9998
2 22314  14.1494   5.5284 0009926 123.3866 107.4386  1.00275026110864
UFO 2 (USA 95)          
1 22787U 93056A   23113.94493873  .00000122  00000+0  00000+0 0  9999
2 22787  11.5440   9.5177 0004732  26.8159 184.3310  1.00277341107125
USA 99 (MILSTAR-1 1)    
1 22988U 94009A   23113.32202071 -.00000201  00000+0  00000+0 0  9990
2 22988  15.8477  39.8554 0002747 332.0962 225.0662  1.00274872 21425
USA 107 (DSP 17)        
1 23435U 94084A   23113.92966124 -.00000088  00000+0  00000+0 0  9996
2 23435  14.5706   3.3265 0001278 285.6312 277.4263  0.99082906 20158
UFO 4 (USA 108)         
1 23467U 95003A   23113.58766979 -.00000027  00000+0  00000+0 0  9994
2 23467   9.8143  16.8007 0003945  52.7171 165.7204  1.00271088103416
AMSC 1                  
1 23553U 95019A   23113.33313480 -.00000098  00000+0  00000+0 0  9993
2 23553  12.2364  24.1680 0005999   3.5060 195.9111  1.00273425102638
TDRS 7                  
1 23613U 95035B   23113.69910517 -.00000208  00000+0  00000+0 0  9994
2 23613  13.8572 356.2479 0029285  57.1173 134.6594  1.00271403101719
USA 115 (MILSTAR-1 2)   
1 23712U 95060A   23113.37532137 -.00000025  00000+0  00000+0 0  9992
2 23712  13.6452  12.0376 0001482 353.3636 220.8293  1.00273593 20100
INMARSAT 3-F1           
1 23839U 96020A   23113.59352712 -.00000122  00000+0  00000+0 0  9990
2 23839   8.1846  56.0268 0006217   5.7039 355.5130  1.00002071 98753
INMARSAT 3-F2           
1 24307U 96053A   23113.58794788  .00000069  00000+0  00000+0 0  9998
2 24307   7.2237  64.5461 0009147 352.9933 238.4938  0.99982414 97414
AMC-1 (GE-1)            
1 24315U 96054A   23114.00952102  .00000062  00000+0  00000+0 0  9995
2 24315   6.3579  70.4274 0003327 320.5078  53.3660  1.00271779 97497
INMARSAT 3-F3           
1 24674U 96070A   23113.69086924 -.00000360  00000+0  00000+0 0  9997
2 24674   7.8064  59.5199 0005662 348.8379 172.4720  0.99994357 96406
GALAXY 25 (G-25)        
1 24812U 97026A   23113.77344821 -.00000187  00000+0  00000+0 0  9992
2 24812   4.4695  80.5019 0012072 337.0917 248.1640  0.99039646 94826
INTELSAT 5 (IS-5)       
1 24916U 97046A   23113.61438579 -.00000065  00000+0  00000+0 0  9991
2 24916   7.8937  58.8108 0002300 323.9983 215.9047  1.00272920 94082
AMC-3 (GE-3)            
1 24936U 97050A   23113.79584956 -.00000263  00000+0  00000+0 0  9998
2 24936   5.3077  76.4766 0002999 311.1022  38.4825  1.00271161 93914
USA 134                 
1 25019U 97065A   23113.35738137 -.00000066  00000+0  00000+0 0  9992
2 25019  11.4145  29.5592 0004744 357.4593 200.6075  1.00272609 21417
ASTRA 1G                
1 25071U 97076A   23113.52728188  .00000112  00000+0  00000+0 0  9997
2 25071   6.9584  65.8182 0004479 320.1093  34.6197  1.00275572 93002
INMARSAT 3-F5           
1 25153U 98006B   23113.79942333 -.00000292  00000+0  00000+0 0  9991
2 25153   7.0963  63.5247 0004800 326.2633  55.5731  1.00274281 92368
UFO 8 (USA 138)         
1 25258U 98016A   23113.44420713 -.00000024  00000+0  00000+0 0  9996
2 25258   9.7695  28.6194 0000586  29.5863 191.8333  1.00388557 92312
ASTRA 2A                
1 25462U 98050A   23114.08364050  .00000067  00000+0  00000+0 0  9999
2 25462   4.1847  82.1737 0003187 301.2119 275.7535  1.00272814 90209
SKYNET 4E               
1 25639U 99009B   23112.94967722 -.00000040  00000+0  00000+0 0  9990
2 25639  11.4063  15.2866 0002893  21.7321 154.3431  1.00273152 39844
ABS-6                   
1 25924U 99053A   23113.96785674 -.00000121  00000+0  00000+0 0  9993
2 25924   0.0430  98.5474 0003300 323.9911 296.6365  1.00277092 86315
UFO 10 (USA 146)        
1 25967U 99063A   23113.11785282 -.00000192  00000+0  00000+0 0  9991
2 25967   9.0978  32.3499 0003057  31.0225 167.0390  1.00270031 85803
GALAXY 11 (G-11)        
1 26038U 99071A   23113.57661715 -.00000165  00000+0  00000+0 0  9994
2 26038   3.7992  84.1507 0000750  29.7448 211.9303  1.00271800 85542
USA 148                 
1 26052U 00001A   23113.52137296  .00000036  00000+0  00000+0 0  9998
2 26052  10.0334  40.5040 0001142 291.9039 246.9318  1.00274833 21422
ASIASTAR                
1 26107U 00016A   23113.90280046 -.00000336  00000+0  00000+0 0  9993
2 26107   6.4110  69.3786 0004297 325.1745 247.1259  1.00269895 84617
USA 149 (DSP 20)        
1 26356U 00024A   23113.53733781  .00000092  00000+0  00000+0 0  9994
2 26356  12.3092  19.5128 0001440 220.6844 359.0688  1.00281840 21378
TDRS 8                  
1 26388U 00034A   23113.82792620 -.00000239  00000+0  00000+0 0  9993
2 26388  10.8608  40.3805 0023932 341.7739 216.8527  1.00272693 83647
INTELSAT 9 (IS-9)       
1 26451U 00043A   23113.72852444 -.00000290  00000+0  00000+0 0  9991
2 26451   7.8795  58.9973 0002376 327.0666  37.7038  1.00273014 32613
NSS-11 (AAP-1)          
1 26554U 00059A   23113.83070247  .00000022  00000+0  00000+0 0  9999
2 26554   0.0500  69.4375 0001605 321.4051 295.8052  1.00270465 29750
USA 153                 
1 26575U 00065A   23113.69357135 -.00000329  00000+0  00000+0 0  9998
2 26575   9.6290  43.8203 0000775 299.7961 251.9179  1.00266884 21399
AMC-6 (GE-6)            
1 26580U 00067A   23113.71074282  .00000101  00000+0  00000+0 0  9995
2 26580   0.0500  71.3202 0001985 334.0668 282.9608  1.00271010 82362
INTELSAT 1R (IS-1R)     
1 26608U 00072A   23113.69810392 -.00000141  00000+0  00000+0 0  9994
2 26608   5.2273  76.4217 0001521  26.8844 156.5829  1.00271940 29787
ANIK F1                 
1 26624U 00076A   23113.86017689 -.00000064  00000+0  00000+0 0  9997
2 26624   2.2249  88.8063 0008533 334.5459 348.7855  1.00271980 31604
USA 157 (MILSTAR-2 2)   
1 26715U 01009A   23113.44083749  .00000009  00000+0  00000+0 0  9997
2 26715  10.3128  25.8904 0001904 341.1785 238.6617  1.00268471 21419
EUTELSAT 133 WEST A     
1 26719U 01011A   23113.73793824  .00000014  00000+0  00000+0 0  9994
2 26719   4.4813  79.6669 0004771 335.0385  59.5801  1.00518081 81018
INTELSAT 10 (IS-10)     
1 26766U 01019A   23113.70220067  .00000031  00000+0  00000+0 0  9994
2 26766   6.3178  70.6246 0003768 326.0377 245.3990  1.00273482 34085
INTELSAT 901 (IS-901)   
1 26824U 01024A   23113.30290340 -.00000205  00000+0  00000+0 0  9996
2 26824   0.0359  88.3908 0000682 304.9158 259.3332  1.00272740 11443
ASTRA 2C                
1 26853U 01025A   23113.86741156 -.00000261  00000+0  00000+0 0  9998
2 26853   5.3311  76.2921 0002811 309.8735  65.2281  1.00269164 33518
USA 159 (DSP 21)        
1 26880U 01033A   23113.15512461 -.00000301  00000+0  00000+0 0  9999
2 26880  11.7070  23.9012 0001013 298.9236 254.7777  1.00278444 21421
INTELSAT 902 (IS-902)   
1 26900U 01039A   23113.94359358 -.00000285  00000+0  00000+0 0  9990
2 26900   3.1901  85.4895 0003302 331.1503  84.6839  1.00271024 79232
USA 164 (MILSTAR-2 3)   
1 27168U 02001A   23113.99216253  .00000021  00000+0  00000+0 0  9995
2 27168   9.8425  27.7369 0101097 352.0295 208.0807  1.00275157 20119
INTELSAT 904 (IS-904)   
1 27380U 02007A   23113.80430455 -.00000216  00000+0  00000+0 0  9996
2 27380   4.0173  82.5564 0002874 304.8106  84.2616  1.00272353 77554
NSS-7                   
1 27414U 02019A   23112.44399646 -.00000159  00000+0  00000+0 0  9998
2 27414   0.1560  93.5792 0002772 332.4079 283.9957  1.00272643 77016
DIRECTV 5 (TEMPO 1)     
1 27426U 02023A   23113.60853708 -.00000059  00000+0  00000+0 0  9998
2 27426   1.9183  89.4743 0003163 303.8615 287.0117  1.00272706 76766
INTELSAT 905 (IS-905)   
1 27438U 02027A   23114.06299363 -.00000187  00000+0  00000+0 0  9999
2 27438   3.8412  83.2537 0002603 299.6964 187.0702  1.00271999 76431
GALAXY 3C (G-3C)        
1 27445U 02030A   23113.86279184 -.00000155  00000+0  00000+0 0  9992
2 27445   0.7539  91.3271 0000495  41.3795 294.6947  1.00272381 34954
INTELSAT 906 (IS-906)   
1 27513U 02041A   23113.89469413  .00000011  00000+0  00000+0 0  9999
2 27513   2.8608  86.8456 0003411 325.5029 185.5617  1.00272388 75495
TDRS 10                 
1 27566U 02055A   23113.60839932  .00000086  00000+0  00000+0 0  9990
2 27566   8.7758  48.1525 0008762 338.9024 232.2475  1.00276363 74699
NSS-6                   
1 27603U 02057A   23113.84814814  .00000105  00000+0  00000+0 0  9994
2 27603   2.3992  88.0000 0003104 291.6030 327.8352  1.00271267 74502
NIMIQ 2                 
1 27632U 02062A   23113.86017689 -.00000069  00000+0  00000+0 0  9999
2 27632   6.7341  68.1217 0003346 311.2400  32.7917  1.00273199 32641
USA 167                 
1 27691U 03008A   23113.44771756  .00000050  00000+0  00000+0 0  9990
2 27691   8.6569  52.5624 0001139 317.0654 232.7419  1.00273625 21417
USA 169 (MILSTAR-2 4)   
1 27711U 03012A   23113.68243743 -.00000272  00000+0  00000+0 0  9991
2 27711  10.5923  38.2389 0100553 351.9361 219.0822  1.00274064 21411
GALAXY 12 (G-12)        
1 27715U 03013B   23113.64111910  .00000055  00000+0  00000+0 0  9990
2 27715   4.0501  82.2435 0001890 310.9311 280.0404  1.00272750 40550
ASIASAT 4               
1 27718U 03014A   23113.91125545 -.00000224  00000+0  00000+0 0  9992
2 27718   1.7503  90.1088 0003262 299.4497 297.7435  1.00272258 33769
HELLAS-SAT 2            
1 27811U 03020A   23113.73654361 -.00000084  00000+0  00000+0 0  9990
2 27811   4.4630  81.1989 0005783 306.6291  78.8569  1.00272404 31315
THURAYA-2               
1 27825U 03026A   23113.87341020  .00000124  00000+0  00000+0 0  9995
2 27825   7.1364  34.5877 0002156 347.6586 187.8247  1.00273072 72811
OPTUS C1                
1 27831U 03028B   23113.87011247 -.00000153  00000+0  00000+0 0  9992
2 27831   3.9818  82.9700 0006006 312.5804 285.0459  1.00270977 41521
GALAXY 23 (G-23)        
1 27854U 03034A   23113.64268807  .00000010  00000+0  00000+0 0  9996
2 27854   0.2207  95.5377 0002961 308.4060 277.8660  1.00270747 72209
USA 170                 
1 27875U 03040A   23113.73009341 -.00000275  00000+0  00000+0 0  9996
2 27875   8.0407  57.7026 0002532   0.3146  14.0079  1.00273941 21431
GALAXY 13 (HORIZONS-1)  
1 27954U 03044A   23113.64155493  .00000045  00000+0  00000+0 0  9992
2 27954   0.0244 275.1679 0001946 113.9031 286.3041  1.00270476 35036
YAMAL 202               
1 28089U 03053A   23113.78804666 -.00000082  00000+0  00000+0 0  9992
2 28089   3.4187  84.5444 0004338 327.6263 246.5976  1.00270706 71143
UFO 11 (USA 174)        
1 28117U 03057A   23113.04268193 -.00000108  00000+0  00000+0 0  9995
2 28117   7.4272  37.6296 0004997  16.8383 247.3240  1.00273201 70908
USA 176 (DSP 22)        
1 28158U 04004A   23113.75592809 -.00000221  00000+0  00000+0 0  9991
2 28158  10.4998  33.5287 0000576 340.2299 197.1905  1.00269079 20077
ABS-4 (MOBISAT-1)       
1 28184U 04007A   23113.86299494  .00000038  00000+0  00000+0 0  9994
2 28184   3.1093  85.6506 0005408 310.9570 186.6760  1.00273617 40806
EUTELSAT 7A             
1 28187U 04008A   23113.71074282  .00000102  00000+0  00000+0 0  9990
2 28187   2.8939  85.1654 0004094 302.0567 300.9244  1.00271269 69812
AMC-11 (GE-11)          
1 28252U 04017A   23113.50130677 -.00000053  00000+0  00000+0 0  9997
2 28252   0.0581  68.7637 0001749 285.8903 286.0041  1.00273713 69334
INTELSAT 10-02          
1 28358U 04022A   23113.80997025 -.00000014  00000+0  00000+0 0  9998
2 28358   0.0099 181.7208 0000787 213.8172 106.6499  1.00272863 69097
ANIK F2                 
1 28378U 04027A   23113.60864286 -.00000052  00000+0  00000+0 0  9997
2 28378   0.3558  92.5416 0002431 326.0081 260.8501  1.00270960 29725
AMC-15                  
1 28446U 04041A   23113.86096137 -.00000092  00000+0  00000+0 0  9993
2 28446   0.0491  62.9700 0002485 344.3490   9.2078  1.00272347 67779
NSS-10 (AMC-12)         
1 28526U 05003A   23113.87447190 -.00000253  00000+0  00000+0 0  9990
2 28526   3.5578  83.9517 0003023 292.6785 112.3667  1.00270893 41622
XTAR-EUR                
1 28542U 05005A   23113.58540329  .00000148  00000+0  00000+0 0  9998
2 28542   1.3664  90.8756 0003455 295.3738  64.8483  1.00271570 66651
XM-3 (RHYTHM)           
1 28626U 05008A   23113.86497095 -.00000208  00000+0  00000+0 0  9994
2 28626   0.0219 124.1534 0000232  86.8994 226.8530  1.00270280 31087
INMARSAT 4-F1           
1 28628U 05009A   23113.84215803 -.00000263  00000+0  00000+0 0  9991
2 28628   3.8655  37.9815 0002616   4.7436 255.5426  1.00278129 66132
DIRECTV 8               
1 28659U 05019A   23113.59867434 -.00000002  00000+0  00000+0 0  9992
2 28659   0.0344  93.2892 0002469 306.0047 268.5567  1.00272671 65531
GALAXY 28 (G-28)        
1 28702U 05022A   23113.86418646 -.00000188  00000+0  00000+0 0  9997
2 28702   0.3250  91.2541 0003199 302.7207  39.7908  1.00271149 40449
THAICOM 4               
1 28786U 05028A   23114.04906296 -.00000365  00000+0  00000+0 0  9996
2 28786   0.0158 248.9594 0001993 137.3432 322.6702  1.00270828 64799
GALAXY 14 (G-14)        
1 28790U 05030A   23114.04632769  .00000153  00000+0  00000+0 0  9999
2 28790   2.0520  88.7220 0001452 289.4401 243.2337  1.00269989 64765
ANIK F1R                
1 28868U 05036A   23113.99840904 -.00000077  00000+0  00000+0 0  9992
2 28868   1.3504  90.5054 0002329 316.2683  57.1415  1.00271573 64622
GALAXY 15 (G-15)        
1 28884U 05041A   23113.71178881  .00000110  00000+0  00000+0 0  9991
2 28884   0.6039  91.8021 0001994 313.1825 288.3948  0.99728678 64050
SYRACUSE 3A             
1 28885U 05041B   23113.87341020  .00000126  00000+0  00000+0 0  9993
2 28885   1.9074  89.5961 0002910 299.6896 183.8012  1.00273848 64212
INMARSAT 4-F2           
1 28899U 05044A   23113.89460697  .00000007  00000+0  00000+0 0  9993
2 28899   3.7628  39.9503 0002562 356.1694 201.4896  1.00271896 63982
SPACEWAY 2              
1 28903U 05046B   23113.71074282  .00000101  00000+0  00000+0 0  9998
2 28903   2.6196  84.9271 0000303 229.6660  13.8485  1.00271891 39804
METEOSAT-9 (MSG-2)      
1 28912U 05049B   23113.53251176  .00000124  00000+0  00000+0 0  9995
2 28912   6.7244  64.1589 0002548 186.2756 198.3779  1.00278316 63511
EUTELSAT 174A           
1 28924U 05052A   23113.84483588  .00000007  00000+0  00000+0 0  9990
2 28924   1.2908  90.1207 0006173 301.7377 297.8974  1.00273154 40790
ECHOSTAR 10             
1 28935U 06003A   23113.99840904 -.00000058  00000+0  00000+0 0  9991
2 28935   0.0157 334.9012 0001094  65.0166  61.0582  1.00272611 62989
SPAINSAT                
1 28945U 06007A   23113.49645432 -.00000219  00000+0  00000+0 0  9999
2 28945   0.0170 179.6127 0002737 203.0033 337.3936  1.00271233 62675
EUTELSAT HOTBIRD 13E    
1 28946U 06007B   23113.88449584  .00000084  00000+0  00000+0 0  9992
2 28946   0.0520 160.5155 0002885 268.8327 113.7031  1.00271810 62790
JCSAT-5A                
1 29045U 06010A   23113.97985413 -.00000331  00000+0  00000+0 0  9999
2 29045   0.0164 225.7223 0001618 182.9849 287.8478  1.00272696 62413
ASTRA 1KR               
1 29055U 06012A   23114.05743649  .00000117  00000+0  00000+0 0  9996
2 29055   0.0137 257.6590 0001310  65.3132 288.7292  1.00269126 62219
EWS-G1 (GOES 13)        
1 29155U 06018A   23113.89417115  .00000034  00000+0  00000+0 0  9998
2 29155   1.3954  91.9794 0001096 136.6398   6.5752  1.00267154 31844
EUTELSAT 113 WEST A     
1 29162U 06020A   23113.60539378 -.00000040  00000+0  00000+0 0  9992
2 29162   0.0146 285.2186 0003084 106.1706 284.9403  1.00271252 61930
GALAXY 16 (G-16)        
1 29236U 06023A   23114.03452108 -.00000130  00000+0  00000+0 0  9990
2 29236   0.0222 255.0979 0002631 139.9759  90.1441  1.00272248 61734
EUTELSAT HOTBIRD 13B    
1 29270U 06032A   23114.05986965  .00000084  00000+0  00000+0 0  9990
2 29270   0.0643  24.1035 0005249 353.0274 229.2277  1.00271590 61322
JCSAT-3A                
1 29272U 06033A   23113.90742020 -.00000348  00000+0  00000+0 0  9992
2 29272   0.0370  93.6040 0001824 304.5831 268.1648  1.00271825 36207
SYRACUSE 3B             
1 29273U 06033B   23113.88083493 -.00000047  00000+0  00000+0 0  9998
2 29273   0.0112 217.3411 0004519 178.0319 128.1710  1.00271604 61172
KOREASAT 5 (MUGUNGWHA 5)
1 29349U 06034A   23113.90445660 -.00000361  00000+0  00000+0 0  9993
2 29349   0.0357 113.0095 0001370 270.0641 267.2691  1.00272554 29789
DIRECTV 9S              
1 29494U 06043A   23113.86174584 -.00000116  00000+0  00000+0 0  9991
2 29494   0.0113 186.4503 0002783 202.0870  32.1235  1.00272010 39844
OPTUS D1                
1 29495U 06043B   23113.91378323 -.00000111  00000+0  00000+0 0  9990
2 29495   0.0642  81.9886 0003404 297.9594 320.7940  1.00282006 60582
XM-4 (BLUES)            
1 29520U 06049A   23113.87412324 -.00000259  00000+0  00000+0 0  9993
2 29520   0.0486 307.9560 0001919 158.8911  20.4838  1.00271045 39941
BADR-4                  
1 29526U 06051A   23113.88711079  .00000141  00000+0  00000+0 0  9991
2 29526   0.0422 352.0627 0004419  13.9309 191.0035  1.00273699 39730
WILDBLUE-1              
1 29643U 06054A   23113.99840904 -.00000052  00000+0  00000+0 0  9998
2 29643   0.0128 259.8974 0001652 122.3300  77.7809  1.00271581 60016
AMC-18                  
1 29644U 06054B   23113.58105064 -.00000218  00000+0  00000+0 0  9999
2 29644   0.0520  70.0544 0002181 320.5718 306.8959  1.00270301 59998
SKYNET 5A               
1 30794U 07007B   23113.90088285 -.00000274  00000+0  00000+0 0  9999
2 30794   2.3541  87.1569 0003613 312.7899 231.2746  1.00270922 59167
ANIK F3                 
1 31102U 07009A   23113.71483958 -.00000004  00000+0  00000+0 0  9991
2 31102   0.0169 255.8417 0002298 122.5881 331.7055  1.00270576 35027
ASTRA 1L                
1 31306U 07016A   23113.88571616  .00000116  00000+0  00000+0 0  9995
2 31306   0.0447 355.0820 0004560 344.3500 210.2647  1.00270488 33476
GALAXY 17 (G-17)        
1 31307U 07016B   23113.86375064 -.00000177  00000+0  00000+0 0  9991
2 31307   0.0550  86.1026 0001253   3.0040 342.4823  1.00271194 58269
ZHONGXING-6B            
1 31800U 07031A   23113.90489243 -.00000365  00000+0  00000+0 0  9995
2 31800   0.0150 248.2714 0003417 131.8213 272.8378  1.00274373 57895
DIRECTV 10              
1 31862U 07032A   23113.99840904 -.00000106  00000+0  00000+0 0  9991
2 31862   0.0251  31.5479 0000645 247.8267 189.0254  1.00272280 57878
SPACEWAY 3              
1 32018U 07036A   23113.86279184 -.00000154  00000+0  00000+0 0  9994
2 32018   1.0152  90.0398 0000209 284.1982  53.0485  1.00271907 35010
BSAT-3A                 
1 32019U 07036B   23113.90375927 -.00000354  00000+0  00000+0 0  9994
2 32019   0.0475 148.3200 0000542 113.9121  24.6422  1.00272040 38984
OPTUS D2                
1 32252U 07044A   23113.34569594 -.00000114  00000+0  00000+0 0  9999
2 32252   0.0602  80.4079 0002815 307.1271 108.0314  1.00272997 57038
INTELSAT 11 (IS-11)     
1 32253U 07044B   23113.87333876 -.00000271  00000+0  00000+0 0  9994
2 32253   0.5802  92.5772 0003044 306.1209  84.3422  1.00271680 56960
WGS F1 (USA 195)        
1 32258U 07046A   23113.88310122  .00000038  00000+0  00000+0 0  9991
2 32258   0.0112 251.5381 0000516  13.2462 270.7791  1.00272887 40812
SKYNET 5B               
1 32294U 07056B   23114.05188208  .00000139  00000+0  00000+0 0  9992
2 32294   2.3125  86.5205 0003656 303.7514 225.3274  1.00273518 56658
ASTRA 4A (SIRIUS 4)     
1 32299U 07057A   23113.88283972  .00000030  00000+0  00000+0 0  9992
2 32299   0.0088  66.8393 0002390 319.4637 147.9715  1.00273281 40131
HORIZONS-2              
1 32388U 07063B   23113.79550090 -.00000256  00000+0  00000+0 0  9997
2 32388   0.0439  83.4896 0002106 315.7254  24.9352  1.00272654 56278
THURAYA-3               
1 32404U 08001A   23113.82984383 -.00000305  00000+0  00000+0 0  9994
2 32404   4.3433  27.8324 0002346 358.7662 222.2421  1.00271807 55955
EXPRESS-AM33            
1 32478U 08003A   23114.09841008 -.00000039  00000+0  00000+0 0  9997
2 32478   1.8468  89.2153 0002014 229.0765 284.3862  1.00287058 56071
THOR 5                  
1 32487U 08006A   23113.88170657 -.00000012  00000+0  00000+0 0  9992
2 32487   0.0073 230.0339 0002430 165.5363 132.7334  1.00271748 55771
AMC-14                  
1 32708U 08011A   23112.95342531  .00000066  00000+0  00000+0 0  9991
2 32708  22.5142  34.3920 0043022   0.0962 176.9042  1.00271364 56618
DIRECTV 11              
1 32729U 08013A   23113.86218167 -.00000129  00000+0  00000+0 0  9995
2 32729   0.0496  64.9503 0000380 197.0108 160.8770  1.00269874 55408
ICO G1                  
1 32763U 08016A   23113.86340198 -.00000174  00000+0  00000+0 0  9996
2 32763   4.3494  30.7996 0002475 354.8335  43.9808  1.00272283 55018
VINASAT-1               
1 32767U 08018A   23113.72757788 -.00000332  00000+0  00000+0 0  9990
2 32767   0.0499  72.6414 0001682 342.4979 190.2394  1.00272070 55061
STAR ONE C2             
1 32768U 08018B   23114.01091066 -.00000280  00000+0  00000+0 0  9996
2 32768   0.0423  31.4366 0002419   0.1042 119.1515  1.00274108 55010
AMOS-3                  
1 32794U 08022A   23113.88109642 -.00000038  00000+0  00000+0 0  9995
2 32794   0.0105 237.5305 0002296 147.1118 140.0547  1.00272249 70803
GALAXY 18 (G-18)        
1 32951U 08024A   23113.71396793  .00000022  00000+0  00000+0 0  9991
2 32951   0.0104 247.0801 0002941 139.4913 318.9350  1.00270890 34312
CHINASAT 9 (ZX 9)       
1 33051U 08028A   23113.42827007 -.00000251  00000+0  00000+0 0  9997
2 33051   0.0244 206.8988 0004057 189.3219  61.3606  1.00271113 54472
SKYNET 5C               
1 33055U 08030A   23113.87839432 -.00000142  00000+0  00000+0 0  9997
2 33055   0.8275  88.0505 0005103 309.1759 112.8436  1.00272314 54429
TURKSAT 3A              
1 33056U 08030B   23113.81859956  .00000143  00000+0  00000+0 0  9995
2 33056   0.0598  98.0518 0004467 299.9798 150.2515  1.00269728 40824
INTELSAT 25 (IS-25)     
1 33153U 08034A   23114.08313436 -.00000227  00000+0  00000+0 0  9999
2 33153   0.0188 340.4817 0002826  54.6171 175.1832  1.00271701 54109
BADR-6                  
1 33154U 08034B   23113.81537448  .00000141  00000+0  00000+0 0  9995
2 33154   0.0743  58.2881 0006597 348.6695 124.1534  1.00270107 54223
ECHOSTAR 11             
1 33207U 08035A   23113.85991538 -.00000060  00000+0  00000+0 0  9994
2 33207   0.0363  80.4334 0002736 294.8476  35.9190  1.00272576 39682
SUPERBIRD-C2            
1 33274U 08038A   23113.91055814 -.00000254  00000+0  00000+0 0  9991
2 33274   0.0146 243.0689 0001785 154.1373 286.2266  1.00272510 94192
AMC-21                  
1 33275U 08038B   23113.64190359  .00000033  00000+0  00000+0 0  9990
2 33275   0.0441  87.7082 0002825 306.8451 283.0563  1.00273843 53954
INMARSAT 4-F3           
1 33278U 08039A   23113.86235601 -.00000143  00000+0  00000+0 0  9991
2 33278   3.4352  23.3421 0002821  16.3072  24.4543  1.00272805 35015
NIMIQ 4                 
1 33373U 08044A   23114.02149840 -.00000224  00000+0  00000+0 0  9991
2 33373   0.0171 271.4063 0002668 111.2828 114.8491  1.00272758 53309
GALAXY 19 (G-19)        
1 33376U 08045A   23113.86261750 -.00000142  00000+0  00000+0 0  9990
2 33376   0.0070 210.4023 0002679 183.2125  31.5628  1.00272945 53361
ASTRA 1M                
1 33436U 08057A   23113.88571616  .00000116  00000+0  00000+0 0  9997
2 33436   0.0949  91.3014 0003095 347.2219 111.1374  1.00271299 34192
CIEL-2                  
1 33453U 08063A   23113.71283479  .00000055  00000+0  00000+0 0  9994
2 33453   0.0097 234.6275 0002658 165.4859 299.1300  1.00272109 52591
EUTELSAT HOTBIRD 13C    
1 33459U 08065A   23113.88449584  .00000084  00000+0  00000+0 0  9993
2 33459   0.0660  57.6466 0005190 349.3487 136.0577  1.00271482 35816
EUTELSAT 48D            
1 33460U 08065B   23113.95108976 -.00000103  00000+0  00000+0 0  9993
2 33460   2.2509  88.7338 0003012 301.9387 150.9070  1.00271557 52579
FENGYUN 2E              
1 33463U 08066A   23113.89913954 -.00000207  00000+0  00000+0 0  9995
2 33463   6.5988  63.3521 0001384 332.3307 226.3600  1.00276094 52559
EXPRESS-AM44            
1 33595U 09007A   23113.87970178 -.00000092  00000+0  00000+0 0  9998
2 33595   0.4929  90.5613 0004445 297.9552 128.8152  1.00271536 52000
NSS-9                   
1 33749U 09008A   23114.03730067  .00000069  00000+0  00000+0 0  9993
2 33749   0.0224 328.3912 0002112  53.5347  26.3803  1.00273618 52037
EUTELSAT 33E            
1 33750U 09008B   23113.97896750  .00000153  00000+0  00000+0 0  9993
2 33750   0.0448  22.0966 0003669   6.7752 208.4104  1.00275031 52063
TELSTAR 11N             
1 34111U 09009A   23114.08869441 -.00000253  00000+0  00000+0 0  9998
2 34111   0.0196 253.5145 0002576 116.1032 196.6238  1.00274312 51884
EUTELSAT 10A            
1 34710U 09016A   23114.06021687  .00000066  00000+0  00000+0 0  9992
2 34710   0.0445  78.1310 0005749 315.7048 209.6790  1.00273579 51433
WGS F2 (USA 204)        
1 34713U 09017A   23114.12878271  .00000065  00000+0  00000+0 0  9991
2 34713   0.0144 236.6299 0001858  64.8433  14.2872  1.00272958 51404
SES-7 (PROTOSTAR 2)     
1 34941U 09027A   23113.90349778 -.00000348  00000+0  00000+0 0  9990
2 34941   0.0898  84.2402 0001554 232.6186 328.3321  1.00271317 51089
MEASAT-3A               
1 35362U 09032A   23113.82844919 -.00000245  00000+0  00000+0 0  9998
2 35362   0.0260 209.6825 0000517  86.1449 305.5202  1.00272905 50712
GOES 14                 
1 35491U 09033A   23113.99840904 -.00000071  00000+0  00000+0 0  9997
2 35491   0.2104 111.1148 0005709 299.7481  52.0910  1.00269799 50622
FM-5                    
1 35493U 09034A   23114.02201924 -.00000203  00000+0  00000+0 0  9995
2 35493   0.0229 275.8424 0000977 321.9642 255.7699  1.00272102 50442
TERRESTAR-1             
1 35496U 09035A   23113.60832634 -.00000059  00000+0  00000+0 0  9999
2 35496   3.6745  43.7202 0002910 352.5659 283.1112  1.00272843 50593
ASIASAT 5               
1 35696U 09042A   23113.90192882 -.00000311  00000+0  00000+0 0  9997
2 35696   0.0751  95.7179 0001476 294.0449 247.1247  1.00271073 50162
JCSAT-12 (JCSAT-RA)     
1 35755U 09044A   23113.72757788 -.00000331  00000+0  00000+0 0  9999
2 35755   0.0484  95.1526 0000820 227.5720 282.7536  1.00272533 50074
OPTUS D3                
1 35756U 09044B   23113.91291159 -.00000150  00000+0  00000+0 0  9995
2 35756   0.0519  40.6805 0004204 341.0089 314.6379  1.00272397 50022
NIMIQ 5                 
1 35873U 09050A   23113.86741156 -.00000260  00000+0  00000+0 0  9995
2 35873   0.0498  82.1639 0001518 328.1806  40.8590  1.00271954 49818
AMAZONAS 2              
1 35942U 09054A   23113.86976500 -.00000285  00000+0  00000+0 0  9996
2 35942   0.0647 103.8976 0003549 334.9591  24.9015  1.00271012 49650
COMSATBW-1              
1 35943U 09054B   23113.75110012  .00000021  00000+0  00000+0 0  9990
2 35943   0.1103  87.4522 0002936 320.7868 136.6891  1.00273972 49764
NSS-12                  
1 36032U 09058A   23114.12878271  .00000069  00000+0  00000+0 0  9996
2 36032   0.0424  74.7477 0002483 320.6606 279.8467  1.00270892 49377
THOR 6                  
1 36033U 09058B   23113.88170657 -.00000013  00000+0  00000+0 0  9992
2 36033   0.0277 122.4073 0001745 251.8247 153.9991  1.00271126 49479
INTELSAT 14 (IS-14)     
1 36097U 09064A   23113.87290294 -.00000276  00000+0  00000+0 0  9999
2 36097   0.0234 109.8157 0002352 284.4791  86.6054  1.00272006 49071
EUTELSAT 36B            
1 36101U 09065A   23113.81737927  .00000152  00000+0  00000+0 0  9991
2 36101   0.0730  21.8757 0005199  13.9439 145.9143  1.00274173 49180
INTELSAT 15 (IS-15)     
1 36106U 09067A   23113.82714171 -.00000189  00000+0  00000+0 0  9996
2 36106   0.0180 331.1008 0002200  65.2042 198.2097  1.00271683 29696
WGS F3 (USA 211)        
1 36108U 09068A   23113.87333876 -.00000271  00000+0  00000+0 0  9995
2 36108   0.3738  92.4901 0000389 215.1500 175.5908  1.00271637 35077
DIRECTV 12              
1 36131U 09075A   23113.86148435 -.00000107  00000+0  00000+0 0  9991
2 36131   0.0057 237.1636 0001248  60.3425 121.5444  1.00273925 35021
BEIDOU-2 G1             
1 36287U 10001A   23113.90986081 -.00000283  00000+0  00000+0 0  9991
2 36287   1.7681  47.0257 0006017 318.8167 313.8597  1.00273060 48629
RADUGA-1M 2             
1 36358U 10002A   23113.89879088 -.00000187  00000+0  00000+0 0  9990
2 36358   0.6371  94.7738 0003354 301.6110 223.8773  1.00273248 48471
SDO                     
1 36395U 10005A   23113.50296289 -.00000057  00000+0  00000+0 0  9994
2 36395  32.2684 104.2244 0001932 238.0707 308.2648  1.00273437 48529
INTELSAT 16 (IS-16)     
1 36397U 10006A   23113.86671424 -.00000247  00000+0  00000+0 0  9995
2 36397   0.0134 323.9694 0001583  77.3594  46.1263  1.00271190 48113
GOES 15                 
1 36411U 10008A   23113.63911431  .00000106  00000+0  00000+0 0  9997
2 36411   0.2269  95.1129 0001535 248.4071 320.2711  1.00136952 48110
ECHOSTAR 14             
1 36499U 10010A   23113.64312389 -.00000003  00000+0  00000+0 0  9991
2 36499   0.0135 246.3329 0001891 147.5590 290.1494  1.00270875 35019
SES-1                   
1 36516U 10016A   23114.03452108 -.00000118  00000+0  00000+0 0  9992
2 36516   0.0618  75.2367 0002387 310.8632  97.1271  1.00272520 47604
ASTRA 3B                
1 36581U 10021A   23114.05188208  .00000134  00000+0  00000+0 0  9996
2 36581   0.0910  62.7822 0003367 323.8102 227.4283  1.00268919 47117
COMSATBW-2              
1 36582U 10021B   23113.88449584  .00000085  00000+0  00000+0 0  9999
2 36582   0.0143 258.3675 0002206 139.9245 144.9452  1.00269555 47422
BEIDOU-2 G3             
1 36590U 10024A   23113.46764012 -.00000137  00000+0  00000+0 0  9990
2 36590   2.1400  55.9671 0009947 347.2068  55.9696  1.00269505 47249
BADR-5                  
1 36592U 10025A   23113.81537448  .00000141  00000+0  00000+0 0  9997
2 36592   0.0410 120.0586 0002704 314.6060  96.4543  1.00269452 41686
COMS 1                  
1 36744U 10032A   23113.99146656 -.00000347  00000+0  00000+0 0  9999
2 36744   1.8506  89.5278 0000793 299.0621 308.2543  1.00271914 47127
ARABSAT-5A              
1 36745U 10032B   23114.04632769  .00000150  00000+0  00000+0 0  9993
2 36745   0.0734  52.6068 0004910 354.1638 212.2136  1.00273209 47093
ECHOSTAR 15             
1 36792U 10034A   23114.07549296 -.00000285  00000+0  00000+0 0  9992
2 36792   0.0435  75.9967 0002024 293.3324 168.0462  1.00273304 46869
BEIDOU-2 IGSO-1         
1 36828U 10036A   23113.59077109 -.00000095  00000+0  00000+0 0  9998
2 36828  54.2075 173.3982 0035615 190.9754 167.2885  1.00261413 46689
NILESAT 201             
1 36830U 10037A   23114.09841008 -.00000060  00000+0  00000+0 0  9997
2 36830   0.0562 130.1183 0003254 286.4408 183.7331  1.00272832 46751
RASCOM-QAF 1R           
1 36831U 10037B   23113.88249105  .00000015  00000+0  00000+0 0  9993
2 36831   0.0397 107.3605 0005179 282.1096 142.7661  1.00272432 46765
AEHF-1 (USA 214)        
1 36868U 10039A   23113.73933288  .00000023  00000+0  00000+0 0  9990
2 36868   5.3144  82.6878 0004842   0.4545  38.5726  1.00268800 42120
QZS-1 (MICHIBIKI-1)     
1 37158U 10045A   23113.90776885 -.00000134  00000+0  00000+0 0  9991
2 37158  42.6689 129.1145 0759143 270.3027 277.1141  1.00290827 46185
XM-5                    
1 37185U 10053A   23114.00396385 -.00000026  00000+0  00000+0 0  9995
2 37185   0.0241 276.1872 0001280 338.4700 203.3502  1.00272467 45915
BSAT-3B                 
1 37207U 10056B   23113.97549590 -.00000353  00000+0  00000+0 0  9999
2 37207   0.0516  38.8640 0003370 317.9906 315.9154  1.00271701 45747
BEIDOU-2 G4             
1 37210U 10057A   23113.87063329 -.00000115  00000+0  00000+0 0  9990
2 37210   0.9069  51.3956 0000496 142.5309 131.1173  1.00271975 45740
SKYTERRA 1              
1 37218U 10061A   23113.86174584 -.00000120  00000+0  00000+0 0  9994
2 37218   2.8740  41.4742 0003620   6.9437  12.1393  1.00271656 45664
ZHONGXING-20A           
1 37234U 10064A   23113.74334245 -.00000089  00000+0  00000+0 0  9998
2 37234   4.2670 103.2150 0021976 233.4867 166.9219  0.98417310 45499
HYLAS 1                 
1 37237U 10065A   23113.88467017  .00000089  00000+0  00000+0 0  9990
2 37237   2.7031  86.7636 0002083 289.2945 167.8776  1.00273542 45448
INTELSAT 17 (IS-17)     
1 37238U 10065B   23113.70466245 -.00000005  00000+0  00000+0 0  9993
2 37238   0.0138 213.2049 0002490 183.2753 134.6717  1.00271332 41702
BEIDOU-2 IGSO-2         
1 37256U 10068A   23114.12223152 -.00000203  00000+0  00000+0 0  9991
2 37256  49.6501 285.9108 0024362 200.4579 238.1212  1.00269120 45264
EUTELSAT KA-SAT 9A      
1 37258U 10069A   23113.81197505  .00000059  00000+0  00000+0 0  9999
2 37258   0.0764 297.0968 0004073 161.3033  54.5111  1.00271878 32462
HISPASAT 30W-5          
1 37264U 10070A   23113.80421740 -.00000219  00000+0  00000+0 0  9997
2 37264   0.0549  96.7123 0003715 323.4178  50.9880  1.00272209 41653
KOREASAT 6              
1 37265U 10070B   23113.90497958 -.00000365  00000+0  00000+0 0  9995
2 37265   0.0221 160.1165 0000967 275.0893 218.2658  1.00271571 45236
BEIDOU-2 IGSO-3         
1 37384U 11013A   23113.75976332 -.00000197  00000+0  00000+0 0  9999
2 37384  60.7479  51.1975 0022430 186.5089 354.6461  1.00272880 44135
INTELSAT NEW DAWN       
1 37392U 11016A   23113.88841826  .00000152  00000+0  00000+0 0  9994
2 37392   0.0268 132.2005 0000447 259.0354 173.0504  1.00273319 41751
YAHSAT 1A               
1 37393U 11016B   23113.89234068  .00000098  00000+0  00000+0 0  9999
2 37393   0.0126 224.9269 0001717 206.1372 154.3158  1.00270566 30879
SBIRS GEO-1 (USA 230)   
1 37481U 11019A   23113.89495563 -.00000007  00000+0  00000+0 0  9990
2 37481   2.2728  38.0352 0001876 355.2772 206.2398  1.00272119 43864
TELSTAR 14R             
1 37602U 11021A   23113.86932918 -.00000283  00000+0  00000+0 0  9991
2 37602   0.0140 265.9396 0002456  94.6766 100.9689  1.00272450 44305
GSAT-8                  
1 37605U 11022A   23113.87341020  .00000081  00000+0  00000+0 0  9999
2 37605   0.0329  99.5685 0005082 208.6839 272.9032  1.00271738 41683
ST-2                    
1 37606U 11022B   23113.89940104 -.00000215  00000+0  00000+0 0  9990
2 37606   0.0135 251.1991 0001421 145.6001 226.6694  1.00272869 43744
CHINASAT 10 (ZX 10)     
1 37677U 11026A   23114.17246642 -.00000355  00000+0  00000+0 0  9995
2 37677   0.0646 276.4244 0001556 258.8207 209.2886  1.00274626 43433
TIANLIAN 1-02           
1 37737U 11032A   23112.57745278 -.00000052  00000+0  00000+0 0  9994
2 37737   2.3714  72.3369 0085316   0.6128 152.3857  1.00274335 43177
GSAT-12                 
1 37746U 11034A   23113.99754859  .00000031  00000+0  00000+0 0  9994
2 37746   2.2965  91.6096 0001475 109.4802 230.8575  0.98859872 43413
SES-3                   
1 37748U 11035A   23113.99840904 -.00000105  00000+0  00000+0 0  9997
2 37748   0.0286 309.5909 0002310  78.9523  79.6454  1.00272078 43168
KAZSAT-2                
1 37749U 11035B   23113.89913955 -.00000202  00000+0  00000+0 0  9992
2 37749   0.0325 285.5529 0000674 277.8761  58.4486  1.00274041 41855
BEIDOU-2 IGSO-4         
1 37763U 11038A   23113.09470850 -.00000057  00000+0  00000+0 0  9993
2 37763  54.4846 175.9221 0108403 228.7891 293.9258  1.00259586 43101
ASTRA 1N                
1 37775U 11041A   23113.88571616  .00000117  00000+0  00000+0 0  9995
2 37775   0.1024  65.7677 0005618 332.2707 151.6738  1.00273427 32990
BSAT-3C (JCSAT-110R)    
1 37776U 11041B   23113.90375927 -.00000354  00000+0  00000+0 0  9990
2 37776   0.0489  69.4578 0000015  40.1764 177.3502  1.00273892 38941
PAKSAT-1R               
1 37779U 11042A   23113.88946424  .00000150  00000+0  00000+0 0  9990
2 37779   0.0605  90.3064 0003045 328.2759 151.2668  1.00275312 42945
CHINASAT 1A (ZX 1A)     
1 37804U 11047A   23114.05743648  .00000023  00000+0  00000+0 0  9996
2 37804   0.7414  93.3109 0003972 293.5138 214.3509  1.00076598 42531
SES-2                   
1 37809U 11049A   23113.57783747 -.00000198  00000+0  00000+0 0  9997
2 37809   0.0211  10.4935 0002540  19.5205 302.3522  1.00268738 42411
ARABSAT-5C              
1 37810U 11049B   23113.81415417  .00000120  00000+0  00000+0 0  9996
2 37810   0.0605  22.4654 0002082  89.1909  53.0167  1.00270907 42524
EUTELSAT 7 WEST A       
1 37816U 11051A   23114.09841008 -.00000063  00000+0  00000+0 0  9992
2 37816   0.0682  17.5544 0002872 144.2458  78.1942  1.00271667 42430
QUETZSAT 1              
1 37826U 11054A   23113.86653991 -.00000245  00000+0  00000+0 0  9994
2 37826   0.0494  69.6268 0002292 328.1781  48.7950  1.00272024 38346
INTELSAT 18 (IS-18)     
1 37834U 11056A   23113.71230103  .00000050  00000+0  00000+0 0  9998
2 37834   0.0121 300.0141 0001711  74.8563 273.0357  1.00273333 42277
EUTELSAT 16A            
1 37836U 11057A   23113.88510601  .00000100  00000+0  00000+0 0  9999
2 37836   0.0715   5.7166 0005191  29.0228 151.5547  1.00270564 34433
VIASAT-1                
1 37843U 11059A   23113.60360802 -.00000027  00000+0  00000+0 0  9994
2 37843   0.0148 250.1966 0002052 141.5619 281.8104  1.00271796 35785
ASIASAT 7               
1 37933U 11069A   23114.21558096 -.00000337  00000+0  00000+0 0  9991
2 37933   0.0723  97.2935 0001631 263.1178  34.6820  1.00270018 41932
BEIDOU-2 IGSO-5         
1 37948U 11073A   23113.44215956 -.00000155  00000+0  00000+0 0  9999
2 37948  49.7749 285.5756 0086110 218.6614 321.4486  1.00263098 41861
LUCH-5A                 
1 37951U 11074B   23113.71785551 -.00000050  00000+0  00000+0 0  9991
2 37951   5.8050  91.9628 0004223 322.9316 221.9751  1.00268739 41656
NIGCOMSAT 1R            
1 38014U 11077A   23113.72757947  .00000141  00000+0  00000+0 0  9994
2 38014   0.0565  82.7113 0002479 251.9375 181.2735  1.00270011 41420
FENGYUN 2F              
1 38049U 12002A   23113.90428227 -.00000361  00000+0  00000+0 0  9992
2 38049   4.5554  77.1331 0001658  54.1037 158.5408  1.00274741 41340
WGS F4 (USA 233)        
1 38070U 12003A   23113.89948819 -.00000218  00000+0  00000+0 0  9990
2 38070   0.0167 220.2615 0000658  52.7644 350.8384  1.00269839 32609
SES-4                   
1 38087U 12007A   23113.37271726 -.00000171  00000+0  00000+0 0  9999
2 38087   0.0073  61.5493 0002349 339.9586 281.8275  1.00271442 40690
BEIDOU-2 G5             
1 38091U 12008A   23114.12878271  .00000054  00000+0  00000+0 0  9996
2 38091   1.4083  65.0302 0005900 264.8783 347.1386  1.00270898 40941
MUOS-1                  
1 38093U 12009A   23113.93374396 -.00000129  00000+0  00000+0 0  9990
2 38093   3.3440  39.0681 0059453 359.5348  49.2208  1.00273577 40921
INTELSAT 22 (IS-22)     
1 38098U 12011A   23113.82461394 -.00000062  00000+0  00000+0 0  9997
2 38098   0.0234 116.8771 0002302 281.7473 181.9425  1.00272793 40284
APSTAR 7                
1 38107U 12013A   23113.96878420 -.00000105  00000+0  00000+0 0  9995
2 38107   0.0216 127.1030 0002479 262.9998 246.8872  1.00272308 40634
YAHSAT 1B               
1 38245U 12016A   23114.12878271  .00000123  00000+0  00000+0 0  9993
2 38245   0.0292 110.1703 0002337 296.9708 258.7130  1.00271030 40381
AEHF-2 (USA 235)        
1 38254U 12019A   23113.50461903 -.00000162  00000+0  00000+0 0  9991
2 38254   4.0142  62.0520 0002822 316.9105 279.7561  1.00269881 40139
JCSAT-13                
1 38331U 12023A   23113.97828517 -.00000359  00000+0  00000+0 0  9999
2 38331   0.0165 172.6246 0002456 248.6662 266.6499  1.00271693 40040
VINASAT-2               
1 38332U 12023B   23113.90811751 -.00000332  00000+0  00000+0 0  9996
2 38332   0.0497  71.5047 0002378 335.3270 263.6178  1.00271886 35125
NIMIQ 6                 
1 38342U 12026A   23113.86375064 -.00000177  00000+0  00000+0 0  9994
2 38342   0.0486  75.5803 0002606 304.0551  51.8661  1.00272067 38889
CHINASAT 2A (ZX 2A)     
1 38352U 12028A   23113.90149299 -.00000297  00000+0  00000+0 0  9994
2 38352   0.0350 312.3527 0001971  50.0787 272.0205  1.00274413 39843
INTELSAT 19 (IS-19)     
1 38356U 12030A   23113.68191569 -.00000060  00000+0  00000+0 0  9991
2 38356   0.0050 197.9982 0002988 189.3121 235.6268  1.00271411 38908
ECHOSTAR 17             
1 38551U 12035A   23113.99840904 -.00000078  00000+0  00000+0 0  9990
2 38551   0.0170 153.5725 0001572 239.2656  71.2421  1.00271002 39594
METEOSAT-10 (MSG-3)     
1 38552U 12035B   23113.88188090 -.00000011  00000+0  00000+0 0  9997
2 38552   2.0670  54.2753 0000455 263.2363 211.3290  1.00274423 39323
SES-5                   
1 38652U 12036A   23113.66779153  .00000030  00000+0  00000+0 0  9991
2 38652   0.0500 294.8553 0002007  82.9055  79.0558  1.00271037 32959
TIANLIAN 1-03           
1 38730U 12040A   23111.59176715  .00000121  00000+0  00000+0 0  9999
2 38730   2.7988  87.5739 0008136 343.7413  11.5375  1.00275584 39421
INTELSAT 20 (IS-20)     
1 38740U 12043A   23113.96721524 -.00000028  00000+0  00000+0 0  9997
2 38740   0.0195 150.5303 0001858  26.7146  91.1901  1.00273513 39290
HYLAS 2                 
1 38741U 12043B   23114.04632769  .00000151  00000+0  00000+0 0  9996
2 38741   0.0468  82.1501 0002032 301.8279 235.5401  1.00272197 39312
INTELSAT 21 (IS-21)     
1 38749U 12045A   23113.87037516 -.00000288  00000+0  00000+0 0  9997
2 38749   0.0201 115.2469 0001991 271.6784  80.0639  1.00272275 38990
ASTRA 2F                
1 38778U 12051A   23113.88754662  .00000147  00000+0  00000+0 0  9998
2 38778   0.0531 242.6878 0001213  36.0123 280.6826  1.00269501 29594
GSAT-10                 
1 38779U 12051B   23113.89844222 -.00000168  00000+0  00000+0 0  9996
2 38779   0.0708  92.5907 0001572 214.0180 311.5015  1.00272421 38583
INTELSAT 23 (IS-23)     
1 38867U 12057A   23114.07514574 -.00000288  00000+0  00000+0 0  9998
2 38867   0.0160 242.3228 0001289  99.3287 204.2288  1.00284028 38576
BEIDOU-2 G6             
1 38953U 12059A   23113.89861656 -.00000179  00000+0  00000+0 0  9990
2 38953   1.6982  82.3844 0011186 308.0003 228.8471  1.00273906 38377
LUCH-5B                 
1 38977U 12061A   23112.65981501 -.00000139  00000+0  00000+0 0  9990
2 38977   7.9633  60.2214 0002158  21.2681 350.1512  1.00271057 38635
YAMAL 300K              
1 38978U 12061B   23113.84666635  .00000068  00000+0  00000+0 0  9991
2 38978   0.0100 234.3114 0001134  44.1983  60.8438  1.00271990 38092
STAR ONE C3             
1 38991U 12062A   23113.86697573 -.00000252  00000+0  00000+0 0  9990
2 38991   0.0257 102.0898 0001857 290.2425  56.4221  1.00272646 38211
EUTELSAT 21B            
1 38992U 12062B   23113.88623914  .00000127  00000+0  00000+0 0  9991
2 38992   0.0715   5.8777 0002672  27.1498 159.2659  1.00270822 38301
ECHOSTAR 16             
1 39008U 12065A   23114.07549296 -.00000285  00000+0  00000+0 0  9991
2 39008   0.0131 219.6454 0001826 172.2262 145.6562  1.00274911 38271
CHINASAT 12 (ZX 12)     
1 39017U 12067A   23112.82389841 -.00000210  00000+0  00000+0 0  9990
2 39017   0.0412 112.6969 0002617 272.2647 209.7248  1.00269605 38168
EUTELSAT 70B            
1 39020U 12069A   23113.89591444 -.00000047  00000+0  00000+0 0  9996
2 39020   0.0677  16.3698 0000530 210.0383  18.2938  1.00270788 37974
YAMAL 402               
1 39022U 12070A   23113.94127978  .00000083  00000+0  00000+0 0  9992
2 39022   0.0231 149.2476 0003928 233.9265 222.2905  1.00272459 38068
SKYNET 5D               
1 39034U 12075A   23114.12878271  .00000096  00000+0  00000+0 0  9994
2 39034   0.0721 357.9046 0003269  30.5501 282.5628  1.00270001 37980
MEXSAT 3                
1 39035U 12075B   23113.60360828 -.00000029  00000+0  00000+0 0  9998
2 39035   0.0574  75.5224 0001955 295.2171 303.1220  1.00272985 37645
TDRS 11                 
1 39070U 13004A   23114.04771485  .00000074  00000+0  00000+0 0  9993
2 39070   2.7303 356.1740 0006552  51.4830   6.9245  1.00273731 37450
AMAZONAS 3              
1 39078U 13006A   23113.86976500 -.00000285  00000+0  00000+0 0  9992
2 39078   0.0194 205.7499 0001241 194.6546  63.3332  1.00273931 33363
AZERSPACE 1             
1 39079U 13006B   23114.12878271  .00000130  00000+0  00000+0 0  9997
2 39079   0.0228 108.0905 0001681 307.9605 248.2115  1.00269383 37398
SBIRS GEO-2 (USA 241)   
1 39120U 13011A   23114.08869441 -.00000260  00000+0  00000+0 0  9999
2 39120   2.2899  36.0887 0002117 353.7661 175.9338  1.00271589 37055
EUTELSAT 117 WEST A     
1 39122U 13012A   23114.00396385 -.00000016  00000+0  00000+0 0  9995
2 39122   0.0115  91.2234 0002812 293.6445  71.5236  1.00272863 36937
ANIK G1                 
1 39127U 13014A   23113.86052554 -.00000077  00000+0  00000+0 0  9999
2 39127   0.0449  82.9067 0001924 258.4807  72.7152  1.00271804 36717
CHINASAT 11 (ZX 11)     
1 39157U 13020A   23110.86915927 -.00000297  00000+0  00000+0 0  9992
2 39157   0.0425  99.9735 0001499 253.4662 266.0313  1.00272353 36587
EUTELSAT 7B             
1 39163U 13022A   23114.06021687  .00000045  00000+0  00000+0 0  9998
2 39163   0.0717   9.0007 0005524   7.0302 224.4785  1.00272965 36422
WGS F5 (USA 243)        
1 39168U 13024A   23113.87142113 -.00000287  00000+0  00000+0 0  9990
2 39168   0.0143 237.5313 0000724  99.0901 136.2254  1.00271664 35640
SES-6                   
1 39172U 13026A   23114.08869441 -.00000264  00000+0  00000+0 0  9996
2 39172   0.0277 306.8128 0002063  77.2084 179.2557  1.00271219 36184
IRNSS-1A                
1 39199U 13034A   23113.99996279  .00000085  00000+0  00000+0 0  9993
2 39199  33.1273  80.6792 0017616 186.7274 359.3713  1.00276798 36112
MUOS-2                  
1 39206U 13036A   23113.84675351  .00000063  00000+0  00000+0 0  9999
2 39206   3.0091  32.3394 0049549 180.3282 126.7517  1.00273805 35658
ALPHASAT                
1 39215U 13038A   23113.98591098  .00000131  00000+0  00000+0 0  9997
2 39215   2.8216  11.0922 0001633  49.3075 171.1365  1.00271497 35730
INSAT-3D                
1 39216U 13038B   23113.96991735 -.00000159  00000+0  00000+0 0  9999
2 39216   0.0517  81.3505 0001314 298.0813 263.5318  1.00272513 35768
WGS F6 (USA 244)        
1 39222U 13041A   23114.00952102  .00000086  00000+0  00000+0 0  9999
2 39222   0.0101 237.3040 0000450  46.9627 155.7229  1.00272273 35535
ES'HAIL 1               
1 39233U 13044A   23114.05188208  .00000140  00000+0  00000+0 0  9998
2 39233   0.0558 358.1898 0001920  35.6111 222.2073  1.00275532 35361
GSAT-7                  
1 39234U 13044B   23113.70466230 -.00000081  00000+0  00000+0 0  9999
2 39234   0.1066  91.9518 0006795 195.9070 251.2907  1.00272393 33792
AMOS-4                  
1 39237U 13045A   23113.89486847  .00000004  00000+0  00000+0 0  9993
2 39237   0.0224 128.7500 0003328 252.1902 217.8850  1.00272513 35420
AEHF-3 (USA 246)        
1 39256U 13050A   23113.70777922  .00000132  00000+0  00000+0 0  9999
2 39256   2.4392  73.8356 0052383 189.6892  47.7875  1.00277282 34131
ASTRA 2E                
1 39285U 13056A   23113.88754662  .00000147  00000+0  00000+0 0  9998
2 39285   0.0705 329.0953 0002408  74.3629 156.2279  1.00273897 34902
FM-6                    
1 39360U 13058A   23113.64373406 -.00000020  00000+0  00000+0 0  9992
2 39360   0.0253 278.6175 0000921 325.8582  82.5463  1.00270925 34522
RADUGA-1M 3             
1 39375U 13062A   23112.52670481  .00000152  00000+0  00000+0 0  9997
2 39375   3.0151  86.2641 0001046 211.4400 137.1850  1.00273390 34578
SES-8                   
1 39460U 13071A   23113.69354802 -.00000272  00000+0  00000+0 0  9991
2 39460   0.0151 247.7675 0002252 163.9364 144.4232  1.00269431 32890
INMARSAT 5-F1           
1 39476U 13073A   23114.12183644  .00000025  00000+0  00000+0 0  9998
2 39476   0.0134 243.9109 0000332  98.5095 335.9275  1.00270954 34392
TKSAT-1 (TUPAC KATARI)  
1 39481U 13075A   23113.57775029 -.00000198  00000+0  00000+0 0  9990
2 39481   0.0587  67.2995 0002785 300.7097 324.1365  1.00273004 34056
EXPRESS-AM5             
1 39487U 13077A   23110.82698128 -.00000286  00000+0  00000+0 0  9995
2 39487   0.0159 260.6089 0001427 145.2907 240.4986  1.00271153 34764
GSAT-14                 
1 39498U 14001A   23113.04980044 -.00000081  00000+0  00000+0 0  9996
2 39498   0.0215 264.0617 0003788  40.0371 358.6694  1.00273392 33846
THAICOM 6               
1 39500U 14002A   23113.89757057 -.00000124  00000+0  00000+0 0  9998
2 39500   0.0704 103.0029 0001829 339.2072 171.1206  1.00269267 33929
TDRS 12                 
1 39504U 14004A   23113.87377458 -.00000275  00000+0  00000+0 0  9992
2 39504   3.6473 353.4782 0003976 120.6808  11.0546  1.00277041 32743
ABS-2                   
1 39508U 14006A   23113.96852271 -.00000089  00000+0  00000+0 0  9992
2 39508   0.0456  77.1659 0002910 324.9832 233.1892  1.00272047 33782
ATHENA-FIDUS            
1 39509U 14006B   23114.09285568  .00000151  00000+0  00000+0 0  9996
2 39509   0.0160 238.1884 0001347 158.4345 246.4557  1.00271992 33969
TURKSAT 4A              
1 39522U 14007A   23113.81859956  .00000143  00000+0  00000+0 0  9990
2 39522   0.0173 247.5191 0002459  82.2773 218.4763  1.00273611 33459
EXPRESS-AT1             
1 39612U 14010A   23113.82138884  .00000075  00000+0  00000+0 0  9999
2 39612   0.0272 211.6555 0000503 271.8072  79.8344  1.00273995 33517
EXPRESS-AT2             
1 39613U 14010B   23113.84771507 -.00000285  00000+0  00000+0 0  9991
2 39613   0.0020 234.4640 0000318   3.1998  58.9825  1.00270674 33348
AMAZONAS 4A             
1 39616U 14011A   23113.86715006 -.00000256  00000+0  00000+0 0  9997
2 39616   0.0611  83.4885 0003129 300.6220  65.6956  1.00274059 33167
ASTRA 5B                
1 39617U 14011B   23113.81650762  .00000151  00000+0  00000+0 0  9993
2 39617   0.0431 339.7883 0003292  50.9869 146.2510  1.00273818 33139
IRNSS-1B                
1 39635U 14017A   23113.46284605  .00000090  00000+0  00000+0 0  9991
2 39635  28.9689 259.9194 0021341 179.9430 352.9824  1.00271439 33256
LUCH-5V                 
1 39727U 14023A   23113.90079567 -.00000270  00000+0  00000+0 0  9999
2 39727   2.2519  77.4705 0002111 339.5375 213.6290  1.00267813 32825
KAZSAT-3                
1 39728U 14023B   23112.99632814  .00000055  00000+0  00000+0 0  9998
2 39728   0.0160 159.3933 0000426 343.3264 125.2677  1.00278939 30909
EUTELSAT 3B             
1 39773U 14030A   23113.88249105  .00000017  00000+0  00000+0 0  9990
2 39773   0.0677   8.3264 0002160 157.1253   6.9860  1.00271459 32538
ASIASAT 8 (AMOS-7)      
1 40107U 14046A   23113.88109642 -.00000037  00000+0  00000+0 0  9994
2 40107   0.0206 138.5904 0001601 260.5521 125.7811  1.00269443 90611
ASIASAT 6               
1 40141U 14052A   23111.73868741 -.00000367  00000+0  00000+0 0  9999
2 40141   0.0414  71.6773 0000707 314.6934 208.9952  1.00269973 31608
OPTUS 10                
1 40146U 14054A   23113.98035243 -.00000151  00000+0  00000+0 0  9999
2 40146   0.0842   1.2312 0002222  44.2019 315.2563  1.00270361 31591
MEASAT-3B               
1 40147U 14054B   23113.82844919 -.00000245  00000+0  00000+0 0  9995
2 40147   0.0688  65.1092 0003406 340.8703 195.3716  1.00271041 31373
LUCH (OLYMP-K 1)        
1 40258U 14058A   23113.87830715 -.00000144  00000+0  00000+0 0  9994
2 40258   0.0490  74.1403 0000442 303.2032 132.4267  1.00270206 29459
HIMAWARI-8              
1 40267U 14060A   23114.06785538 -.00000278  00000+0  00000+0 0  9999
2 40267   0.0215 123.3777 0000830 251.2666   2.2820  1.00273573 31330
IRNSS-1C                
1 40269U 14061A   23113.89844222 -.00000163  00000+0  00000+0 0  9991
2 40269   3.6511 116.9033 0018719   2.5049 138.7248  1.00274120 31158
INTELSAT 30 (IS-30)     
1 40271U 14062A   23113.50453187 -.00000154  00000+0  00000+0 0  9999
2 40271   0.0121 248.6502 0001366 198.9105 210.2990  1.00270341 31045
ARSAT 1                 
1 40272U 14062B   23113.79593674 -.00000263  00000+0  00000+0 0  9998
2 40272   0.0208 327.5007 0001522  52.4292  46.3695  1.00271814 31073
EXPRESS-AM6             
1 40277U 14064A   23113.53399356  .00000094  00000+0  00000+0 0  9999
2 40277   0.0183 268.7862 0000309   0.4479 187.3203  1.00275184 31139
GSAT-16                 
1 40332U 14078A   23113.89286367  .00000081  00000+0  00000+0 0  9998
2 40332   0.0780 272.9206 0006476 156.4223 158.8361  1.00274391 30577
DIRECTV 14              
1 40333U 14078B   23113.86209451 -.00000128  00000+0  00000+0 0  9998
2 40333   0.0138  14.6270 0000366 253.7063 154.4189  1.00271101 30523
YAMAL 401               
1 40345U 14082A   23113.89983685 -.00000233  00000+0  00000+0 0  9994
2 40345   0.0091 226.7838 0000159 238.7488 160.0376  1.00275978 30385
ASTRA 2G                
1 40364U 14089A   23113.67241126  .00000146  00000+0  00000+0 0  9997
2 40364   0.0653  57.8061 0004720 347.0229  76.8722  1.00273764 30432
FENGYUN 2G              
1 40367U 14090A   23113.83001816 -.00000304  00000+0  00000+0 0  9997
2 40367   2.7187  86.2045 0001992  62.7518 100.6880  1.00285280 30464
MUOS-3                  
1 40374U 15002A   23114.04910212 -.00000131  00000+0  00000+0 0  9990
2 40374   2.7418  23.9688 0051844 177.1170  12.9237  1.00272702 30282
INMARSAT 5-F2           
1 40384U 15005A   23113.87089815 -.00000288  00000+0  00000+0 0  9993
2 40384   0.0141 247.4531 0000025 186.1144  36.5938  1.00272098 29469
ABS-3A                  
1 40424U 15010A   23113.22549227 -.00000030  00000+0  00000+0 0  9996
2 40424   0.0108 260.5931 0001605  23.7649   4.8176  1.00270692 29839
EUTELSAT 115 WEST B     
1 40425U 15010B   23113.60360736 -.00000028  00000+0  00000+0 0  9992
2 40425   0.0113  98.9981 0000222   0.3935 214.3940  1.00269240 29853
EXPRESS-AM7             
1 40505U 15012A   23113.72757947  .00000147  00000+0  00000+0 0  9991
2 40505   0.0131 258.4120 0003067 117.9030 137.1024  1.00270026 29478
IRNSS-1D                
1 40547U 15018A   23113.80605015 -.00000294  00000+0  00000+0 0  9994
2 40547  28.3413 259.9064 0022746 179.0405 174.5622  1.00269725 29454
BEIDOU-3S IGSO-1S       
1 40549U 15019A   23112.35059609 -.00000180  00000+0  00000+0 0  9992
2 40549  51.3437 309.1473 0036454 191.2943 291.6946  1.00286999 29535
THOR 7                  
1 40613U 15022A   23113.88179375 -.00000011  00000+0  00000+0 0  9993
2 40613   0.0456  92.2495 0002572 294.0093 142.1763  1.00272414 29281
TURKMENALEM52E/MONACOSAT
1 40617U 15023A   23113.87341020  .00000101  00000+0  00000+0 0  9994
2 40617   0.0064 239.2221 0001873 142.5495 196.3064  1.00270852 29308
DIRECTV 15              
1 40663U 15026A   23113.99840904 -.00000106  00000+0  00000+0 0  9992
2 40663   0.0401  84.5951 0000593 214.8744 168.8596  1.00270448 29005
SKY MEXICO-1            
1 40664U 15026B   23113.86619125 -.00000237  00000+0  00000+0 0  9993
2 40664   0.0046 294.4579 0001936  89.0300  61.2163  1.00271060 28917
METEOSAT-11 (MSG-4)     
1 40732U 15034A   23113.88371137  .00000059  00000+0  00000+0 0  9999
2 40732   0.5220  30.5389 0000907  49.6924  98.8919  1.00269592 28485
STAR ONE C4             
1 40733U 15034B   23113.86793455 -.00000268  00000+0  00000+0 0  9992
2 40733   0.0510  59.1558 0002489 335.6602  59.2708  1.00270666 28498
WGS F7 (USA 263)        
1 40746U 15036A   23113.83104968  .00000014  00000+0  00000+0 0  9998
2 40746   0.0138 248.4237 0000341 186.7129 250.6220  1.00272362 28333
INTELSAT 34 (IS-34)     
1 40874U 15039A   23113.29732484 -.00000289  00000+0  00000+0 0  9998
2 40874   0.0175 284.3314 0000386 339.5348 358.7528  1.00271407 28083
EUTELSAT 8 WEST B       
1 40875U 15039B   23113.88031194 -.00000069  00000+0  00000+0 0  9990
2 40875   0.0694   7.5559 0005062  33.8587 119.1600  1.00272393 28110
GSAT-6                  
1 40880U 15041A   23113.89835507 -.00000164  00000+0  00000+0 0  9996
2 40880   0.0392 103.0080 0002155 303.6967 210.9289  1.00272255 28066
INMARSAT 5-F3           
1 40882U 15042A   23113.31374630  .00000047  00000+0  00000+0 0  9990
2 40882   0.0110 222.2447 0000209 216.5242  64.8552  1.00271281 28026
MUOS-4                  
1 40887U 15044A   23113.70466230 -.00000097  00000+0  00000+0 0  9994
2 40887   2.6723  19.5803 0058584 359.8122 160.7945  1.00272022 28025
TJS-1                   
1 40892U 15046A   23113.87063329 -.00000160  00000+0  00000+0 0  9993
2 40892   0.0979  75.6903 0003553 355.8341 248.4938  1.00270170 28023
EXPRESS-AM8             
1 40895U 15048A   23113.87909163 -.00000114  00000+0  00000+0 0  9992
2 40895   0.0122 258.1563 0000305  37.8556 218.1135  1.00271724 27841
BEIDOU-3S IGSO-2S       
1 40938U 15053A   23113.90105716 -.00000141  00000+0  00000+0 0  9992
2 40938  51.0180 272.2854 0046138 192.1498 167.7835  1.00267967 27821
SKY MUSTER 1 (NBN1A)    
1 40940U 15054A   23113.69470449 -.00000282  00000+0  00000+0 0  9996
2 40940   0.0135 263.3938 0001548 116.9529 221.4484  1.00271992 27727
ARSAT 2                 
1 40941U 15054B   23114.01646792 -.00000228  00000+0  00000+0 0  9990
2 40941   0.0173 322.7298 0001601  54.3316 119.6501  1.00272006 27778
MORELOS 3               
1 40946U 15056A   23113.60518241 -.00000049  00000+0  00000+0 0  9999
2 40946   3.3470 340.8191 0002126 358.8436 336.4721  1.00272417 27746
APSTAR 9                
1 40982U 15059A   23111.82479676 -.00000272  00000+0  00000+0 0  9990
2 40982   0.0713  74.5690 0000464 229.2498 344.7031  1.00268470 27590
TURKSAT 4B              
1 40984U 15060A   23113.89181769  .00000111  00000+0  00000+0 0  9997
2 40984   0.0470  80.2233 0002174 293.2471 209.2319  1.00273213 27574
CHINASAT 2C (ZX 2C)     
1 41021U 15063A   23113.75906601 -.00000326  00000+0  00000+0 0  9997
2 41021   0.0705  56.7803 0001764  25.6709 145.6991  1.00266708 27473
GSAT-15                 
1 41028U 15065A   23113.90053418 -.00000261  00000+0  00000+0 0  9990
2 41028   0.0462  93.0877 0002567 325.1743 211.0780  1.00271190 27276
BADR-7 (ARABSAT-6B)     
1 41029U 15065B   23114.05188208  .00000142  00000+0  00000+0 0  9991
2 41029   0.0509 250.3475 0002698 353.8427  12.3090  1.00273184 27375
LAOSAT 1                
1 41034U 15067A   23113.90750736 -.00000347  00000+0  00000+0 0  9991
2 41034   0.0488  63.7771 0002131 295.3969 307.6898  1.00269058 27321
TELSTAR 12V             
1 41036U 15068A   23113.87891730 -.00000122  00000+0  00000+0 0  9991
2 41036   0.0196 255.8623 0002438 124.6270 132.5784  1.00272235 27092
CHINASAT 1C (ZX 1C)     
1 41103U 15073A   23110.89831979 -.00000124  00000+0  00000+0 0  9992
2 41103   4.1614  81.9575 0001187 227.3531 300.9766  1.00272290 27094
ELEKTRO-L 2             
1 41105U 15074A   23113.80726815 -.00000118  00000+0  00000+0 0  9994
2 41105   3.7716  84.4448 0000134 131.7270 271.5576  1.00271239 26981
COSMOS 2513             
1 41121U 15075A   23113.53939778 -.00000142  00000+0  00000+0 0  9994
2 41121   0.0565  96.9489 0001903 302.1556  86.6634  1.00271740 26998
EXPRESS-AMU1            
1 41191U 15082A   23113.81737927  .00000152  00000+0  00000+0 0  9992
2 41191   0.0211 121.0375 0002814 250.7745 170.1223  1.00273662 26737
GAOFEN 4                
1 41194U 15083A   23114.19659140 -.00000338  00000+0  00000+0 0  9995
2 41194   0.0398  25.4000 0003301 175.3836 187.6828  1.00272903 26969
BELINTERSAT-1           
1 41238U 16001A   23113.87341020  .00000103  00000+0  00000+0 0  9993
2 41238   0.0538  70.4390 0000687  74.3283  72.7993  1.00273786 26703
IRNSS-1E                
1 41241U 16003A   23113.80605015 -.00000292  00000+0  00000+0 0  9999
2 41241  30.6802  79.8248 0018230 184.9062 348.7404  1.00268313 26669
EUTELSAT 9B             
1 41310U 16005A   23114.06021687  .00000058  00000+0  00000+0 0  9993
2 41310   0.0637  68.9425 0002373 278.8522 254.6981  1.00271369 26574
SES-9                   
1 41380U 16013A   23113.97514723 -.00000348  00000+0  00000+0 0  9999
2 41380   0.0145 279.6953 0001841 138.2262 253.1676  1.00270937 26217
EUTELSAT 65 WEST A      
1 41382U 16014A   23113.86889336 -.00000279  00000+0  00000+0 0  9998
2 41382   0.0772  55.6330 0001915 335.7253  67.8792  1.00270448 26016
IRNSS-1F                
1 41384U 16015A   23113.88833110  .00000158  00000+0  00000+0 0  9997
2 41384   2.6701 136.5322 0020584 195.6682 231.6549  1.00274096 26137
BEIDOU-2 IGSO-6         
1 41434U 16021A   23112.79493723 -.00000173  00000+0  00000+0 0  9999
2 41434  58.5576  49.6419 0047358 226.4135 315.9896  1.00265635 25935
IRNSS-1G                
1 41469U 16027A   23113.97933115 -.00000335  00000+0  00000+0 0  9998
2 41469   2.5727 138.5200 0006986 301.8120 253.5182  1.00273780 25632
JCSAT-2B                
1 41471U 16028A   23113.98035243 -.00000168  00000+0  00000+0 0  9992
2 41471   0.0187 243.1269 0000781 139.9708 335.5855  1.00272653 25552
THAICOM 8               
1 41552U 16031A   23113.69910517 -.00000125  00000+0  00000+0 0  9993
2 41552   0.0785  58.8754 0005323 348.8670 133.9172  1.00271196 25184
INTELSAT 31 (IS-31)     
1 41581U 16035A   23113.43277419 -.00000154  00000+0  00000+0 0  9990
2 41581   0.0179 247.0742 0002011 334.3933  50.4819  1.00270616 25159
BEIDOU-2 G7             
1 41586U 16037A   23113.91388896 -.00000357  00000+0  00000+0 0  9997
2 41586   1.5678  65.7137 0009115 347.6717 237.8034  1.00276328 25253
ABS-2A (MONGOLSAT-1)    
1 41588U 16038A   23113.96843554 -.00000087  00000+0  00000+0 0  9992
2 41588   0.0090 231.3761 0001637  57.3648 346.3451  1.00271538 25156
EUTELSAT 117 WEST B     
1 41589U 16038B   23113.64355972 -.00000015  00000+0  00000+0 0  9991
2 41589   0.0137  90.9473 0000043 338.3823 256.7915  1.00271800 25134
BRISAT                  
1 41591U 16039A   23113.98035243 -.00000200  00000+0  00000+0 0  9994
2 41591   0.0155 259.5385 0002002 123.1780 332.4577  1.00271307 25117
ECHOSTAR 18             
1 41592U 16039B   23113.43948589 -.00000285  00000+0  00000+0 0  9994
2 41592   0.0142 243.4511 0001321 139.4171 285.2157  1.00269341 25084
MUOS-5                  
1 41622U 16041A   23113.61684104 -.00000172  00000+0  00000+0 0  9996
2 41622   4.8815 298.7495 0192992 242.8378 146.8710  1.00272545 25553
TIANTONG-1 1            
1 41725U 16048A   23114.04548921 -.00000321  00000+0  00000+0 0  9997
2 41725   2.2825  12.7552 0006089   1.1062 315.7219  1.00274877 24735
JCSAT-16                
1 41729U 16050A   23113.90044701 -.00000257  00000+0  00000+0 0  9993
2 41729   0.0785  86.7562 0002444 205.3621 336.7077  1.00271277 24536
USA 270                 
1 41744U 16052A   23111.37193935  .00000004  00000+0  00000+0 0  9994
2 41744   1.2295  91.8308 0000889  93.3160 335.0059  1.00138770  7185
USA 271                 
1 41745U 16052B   23111.25327161  .00000095  00000+0  00000+0 0  9992
2 41745   1.2015  91.8489 0001224  23.2434 203.6072  1.00147173  7177
INTELSAT 36 (IS-36)     
1 41747U 16053A   23113.10692250 -.00000028  00000+0  00000+0 0  9992
2 41747   0.0135 313.9648 0001119  19.0794 344.8296  1.00271368 24404
INTELSAT 33E (IS-33E)   
1 41748U 16053B   23113.86646677  .00000045  00000+0  00000+0 0  9996
2 41748   0.0176 266.4347 0001584 122.0648 195.0685  1.00274520 24712
INSAT-3DR               
1 41752U 16054A   23113.89661177 -.00000081  00000+0  00000+0 0  9998
2 41752   0.1601  90.9201 0011722 189.0183 328.5357  1.00272592 24280
GSAT-18                 
1 41793U 16060A   23113.70466230 -.00000081  00000+0  00000+0 0  9993
2 41793   0.0715  87.6784 0001273 286.8668 164.6023  1.00272365 24000
SKY MUSTER 2 (NBN1B)    
1 41794U 16060B   23113.32731531 -.00000248  00000+0  00000+0 0  9996
2 41794   0.0126 259.3727 0001390 123.1432  91.2170  1.00271696 23984
HIMAWARI-9              
1 41836U 16064A   23113.68799363 -.00000278  00000+0  00000+0 0  9996
2 41836   0.0512  77.5810 0000695 332.3395 189.9762  1.00271423 23656
SHIJIAN-17 (SJ-17)      
1 41838U 16065A   23113.92912737 -.00000364  00000+0  00000+0 0  9994
2 41838   2.8145  86.2013 0001158 159.8996  55.3921  1.00274775 23674
GOES 16                 
1 41866U 16071A   23113.86688858 -.00000251  00000+0  00000+0 0  9994
2 41866   0.0419 281.2961 0000290  78.9307  88.2960  1.00272530 23575
TIANLIAN 1-04           
1 41869U 16072A   23111.64764330  .00000025  00000+0  00000+0 0  9990
2 41869   0.0880 282.1571 0024411 206.8275 130.4235  1.00269631 23757
WGS F8 (USA 272)        
1 41879U 16075A   23113.87063329 -.00000206  00000+0  00000+0 0  9993
2 41879   0.0104 267.4382 0000251 171.2384 236.1836  1.00271746 23284
FENGYUN 4A              
1 41882U 16077A   23114.20124071 -.00000333  00000+0  00000+0 0  9990
2 41882   0.1602 287.5350 0004710 214.2264 247.4190  1.00271122 23454
ECHOSTAR 19             
1 41893U 16079A   23113.62555161 -.00000141  00000+0  00000+0 0  9994
2 41893   0.0110 219.4487 0001045 171.2125 308.8187  1.00272413 23171
JCSAT-110A (JCSAT-15)   
1 41903U 16082A   23112.99902413 -.00000354  00000+0  00000+0 0  9991
2 41903   0.0150 247.8128 0000867 111.9462 320.7452  1.00268404 23218
STAR ONE D1             
1 41904U 16082B   23113.79340895 -.00000214  00000+0  00000+0 0  9996
2 41904   0.0443  91.7986 0001961 297.0591  24.3549  1.00272243 23239
TJS-2                   
1 41911U 17001A   23113.89512997 -.00000010  00000+0  00000+0 0  9995
2 41911   0.3337  86.3214 0003667 122.4419  31.6428  1.00273977 23198
SBIRS GEO-4 (USA 273)   
1 41937U 17004A   23113.86261750 -.00000149  00000+0  00000+0 0  9994
2 41937   1.8021 329.0549 0002229  45.5939  50.7897  1.00271430 23076
HISPASAT 36W-1          
1 41942U 17006A   23113.80299708 -.00000247  00000+0  00000+0 0  9999
2 41942   0.0017  26.4074 0000998   4.1325  74.1226  1.00271501 22692
TELKOM 3S               
1 41944U 17007A   23113.90541542 -.00000366  00000+0  00000+0 0  9991
2 41944   0.0173 265.9335 0002182 120.6574 269.0195  1.00271979 22604
INTELSAT 32E (IS-32E)   
1 41945U 17007B   23114.08869441 -.00000272  00000+0  00000+0 0  9999
2 41945   0.0129 241.6832 0000730  56.5075 262.4221  1.00272299 22714
ECHOSTAR 23             
1 42070U 17014A   23113.85991538 -.00000060  00000+0  00000+0 0  9999
2 42070   0.0179 235.4729 0001970 155.0751  20.7540  1.00271741 22381
WGS F9 (USA 275)        
1 42075U 17016A   23113.87952747 -.00000099  00000+0  00000+0 0  9999
2 42075   0.0138 261.4970 0000921  14.4930 240.2953  1.00275873 22365
SES-10                  
1 42432U 17017A   23114.01091066 -.00000275  00000+0  00000+0 0  9998
2 42432   0.0071  70.0223 0002519 332.7680 106.0185  1.00265245 22195
CHINASAT 16 (SJ-13)     
1 42662U 17018A   23114.17246642 -.00000355  00000+0  00000+0 0  9992
2 42662   0.0878  86.6623 0004394 170.5328 127.3366  1.00269267 22210
KOREASAT 7              
1 42691U 17023A   23114.04836566 -.00000365  00000+0  00000+0 0  9997
2 42691   0.0302  60.3527 0001460 324.8946 319.8745  1.00271999 21917
SGDC                    
1 42692U 17023B   23113.62073630 -.00000253  00000+0  00000+0 0  9992
2 42692   0.0541  76.0540 0002117 316.2422 327.7142  1.00272271 21874
GSAT-9                  
1 42695U 17024A   23113.90123149 -.00000290  00000+0  00000+0 0  9999
2 42695   0.1051  95.3066 0003007 272.0914 266.0118  1.00273846 21771
INMARSAT 5-F4           
1 42698U 17025A   23113.03283243  .00000072  00000+0  00000+0 0  9996
2 42698   0.0131 247.3484 0000662  25.6841   6.0885  1.00268727 21731
SES-15                  
1 42709U 17026A   23113.71283479  .00000057  00000+0  00000+0 0  9999
2 42709   0.0372  53.2390 0000306 283.2351   2.4849  1.00270897 22602
QZS-2 (MICHIBIKI-2)     
1 42738U 17028A   23113.72202391 -.00000226  00000+0  00000+0 0  9997
2 42738  41.2608 259.7649 0740702 270.6433  79.3465  1.00251970 21602
VIASAT-2                
1 42740U 17029A   23113.86793455 -.00000268  00000+0  00000+0 0  9998
2 42740   0.0167 265.1157 0000261  15.8826 173.1892  1.00271789 21648
EUTELSAT 172B           
1 42741U 17029B   23113.33533727 -.00000009  00000+0  00000+0 0  9998
2 42741   0.0550 151.9863 0000236 104.2631 247.5828  1.00271411 22176
GSAT-19                 
1 42747U 17031A   23113.89146903  .00000122  00000+0  00000+0 0  9999
2 42747   0.0614  92.5898 0006411 332.9105 154.9702  1.00271801 21600
ECHOSTAR 21             
1 42749U 17032A   23113.95562233  .00000060  00000+0  00000+0 0  9998
2 42749   3.3393 313.0949 0002174  77.7257 175.1935  1.00274248 21582
BULGARIASAT-1           
1 42801U 17038A   23113.88222956  .00000008  00000+0  00000+0 0  9992
2 42801   0.0326 104.2236 0002708 291.8127 135.1081  1.00271760 21290
HELLAS-SAT 3            
1 42814U 17040A   23114.09285568  .00000149  00000+0  00000+0 0  9997
2 42814   0.0594 346.1734 0005147  33.0619 265.0351  1.00271018 21326
GSAT-17                 
1 42815U 17040B   23113.97218365 -.00000261  00000+0  00000+0 0  9991
2 42815   0.0689  92.8054 0003524 206.7139 355.7050  1.00271002 21332
INTELSAT 35E (IS-35E)   
1 42818U 17041A   23113.87499490 -.00000241  00000+0  00000+0 0  9992
2 42818   0.0128 258.9205 0002015 124.8867 108.3344  1.00271052 21285
COSMOS 2520             
1 42907U 17046A   23114.09285568  .00000134  00000+0  00000+0 0  9990
2 42907   0.0243 125.7095 0000629 327.9890 196.6056  1.00269762 20869
TDRS 13                 
1 42915U 17047A   23113.95135125 -.00000106  00000+0  00000+0 0  9997
2 42915   4.0685 337.1222 0017562 107.8457  97.7517  1.00273096 20847
QZS-3 (MICHIBIKI-3)     
1 42917U 17048A   23113.97889532 -.00000351  00000+0  00000+0 0  9992
2 42917   0.0547 205.1147 0002295 182.2104 303.8430  1.00273885 20835
AMAZONAS 5              
1 42934U 17053A   23113.86976500 -.00000286  00000+0  00000+0 0  9994
2 42934   0.0356 311.7720 0004380  50.1532 101.8263  1.00272340 20596
ASIASAT 9               
1 42942U 17057A   23113.85327319 -.00000363  00000+0  00000+0 0  9990
2 42942   0.0120 260.0657 0002058 135.7116 245.1415  1.00271913 20324
INTELSAT 37E (IS-37E)   
1 42950U 17059A   23113.30473384 -.00000144  00000+0  00000+0 0  9992
2 42950   0.0109 203.0636 0002265 196.3420 263.3743  1.00272787 20523
BSAT-4A                 
1 42951U 17059B   23113.68799479 -.00000354  00000+0  00000+0 0  9993
2 42951   0.0759  60.8152 0004847 343.0107 165.1516  1.00270870 20267
QZS-4 (MICHIBIKI-4)     
1 42965U 17062A   23113.54942172 -.00000352  00000+0  00000+0 0  9995
2 42965  40.6804 358.1412 0747105 270.5693 279.8465  1.00269612 20279
SES-11 (ECHOSTAR 105)   
1 42967U 17063A   23113.86096137 -.00000092  00000+0  00000+0 0  9995
2 42967   0.0064 285.4515 0001279  81.5947  49.5902  1.00272074 20186
KOREASAT 5A             
1 42984U 17067A   23113.90445660 -.00000362  00000+0  00000+0 0  9992
2 42984   0.0470  78.2314 0001319 310.4814 261.7196  1.00271993 19992
ALCOMSAT 1              
1 43039U 17078A   23113.87699969 -.00000189  00000+0  00000+0 0  9992
2 43039   0.0182 318.9342 0002256  73.3875 110.2739  1.00271282 19769
SBIRS GEO-3 (USA 282)   
1 43162U 18009A   23113.90959932 -.00000298  00000+0  00000+0 0  9998
2 43162   2.9799 323.6804 0001860  58.8370 295.6102  1.00272348 19301
AL YAH 3                
1 43174U 18012A   23113.16096465 -.00000159  00000+0  00000+0 0  9992
2 43174   0.1553  93.0926 0002396 334.7976 180.8974  1.00271475 19300
SES-14                  
1 43175U 18012B   23114.08869441 -.00000281  00000+0  00000+0 0  9993
2 43175   0.0175 294.9195 0000832  73.9932 187.3840  1.00273835 19516
GOES 17                 
1 43226U 18022A   23113.99840904 -.00000094  00000+0  00000+0 0  9995
2 43226   0.0175  62.0116 0001642 353.5435  50.9015  1.00271815 18902
HISPASAT 30W-6          
1 43228U 18023A   23113.44576175 -.00000219  00000+0  00000+0 0  9993
2 43228   0.0525  51.3317 0005777 345.5376 304.8410  1.00273755 18900
SUPERBIRD-B3            
1 43271U 18033A   23113.87063329 -.00000096  00000+0  00000+0 0  9994
2 43271   0.0320 133.7269 0001160 266.9558 286.3691  1.00271174 18506
HYLAS 4                 
1 43272U 18033B   23114.08313436 -.00000236  00000+0  00000+0 0  9992
2 43272   0.0750 269.3207 0001406 121.2055 177.7508  1.00272187 18538
IRNSS-1I                
1 43286U 18035A   23113.53425506  .00000099  00000+0  00000+0 0  9996
2 43286  28.9521  92.3273 0019450 187.7588 178.5393  1.00273050 18543
USA 283                 
1 43339U 18036A   23113.52715493 -.00000320  00000+0  00000+0 0  9990
2 43339   0.0026 259.1042 0000433  87.5802 188.4917  1.00271097  7209
COSMOS 2526             
1 43432U 18037A   23112.90365421 -.00000348  00000+0  00000+0 0  9998
2 43432   0.0227 126.9862 0000400 302.2264 234.8529  1.00270810 18423
APSTAR 6C               
1 43450U 18041A   23113.84215910 -.00000321  00000+0  00000+0 0  9995
2 43450   0.0143 275.3958 0001175 119.1758 254.2314  1.00270721 18292
BANGABANDHUSAT-1        
1 43463U 18044A   23114.04897580 -.00000365  00000+0  00000+0 0  9992
2 43463   0.0117 244.8669 0002054 139.8951 323.7889  1.00268481 18208
SES-12                  
1 43488U 18049A   23113.90079567 -.00000273  00000+0  00000+0 0  9993
2 43488   0.0107  69.4211 0001654 233.5143 328.0176  1.00270984 17889
FENGYUN 2H              
1 43491U 18050A   23113.89765774 -.00000131  00000+0  00000+0 0  9992
2 43491   1.9389  91.8304 0002315  70.5872  91.5645  1.00274279 17974
BEIDOU-2 IGSO-7         
1 43539U 18057A   23113.91932315 -.00000102  00000+0  00000+0 0  9990
2 43539  55.1004 173.0025 0059937 230.1385 252.0914  1.00271668 17624
TELSTAR 19V             
1 43562U 18059A   23113.86932918 -.00000283  00000+0  00000+0 0  9991
2 43562   0.0194 191.9706 0001471 272.2089 357.4312  1.00270961 17607
TELKOM 4 (MERAH PUTIH)  
1 43587U 18064A   23113.90341062 -.00000348  00000+0  00000+0 0  9995
2 43587   0.0180 265.3898 0001631 155.4758 224.0415  1.00272381 17331
TELSTAR 18V (APSTAR 5C) 
1 43611U 18069A   23113.90933782 -.00000297  00000+0  00000+0 0  9997
2 43611   0.0131 253.0608 0001791 137.8958 286.0868  1.00270340 17086
AZERSPACE 2 (IS-38)     
1 43632U 18074A   23113.87341020  .00000133  00000+0  00000+0 0  9998
2 43632   0.0177 242.2658 0001265 140.3828 188.5369  1.00271076 16915
HORIZONS-3E             
1 43633U 18074B   23113.11021652 -.00000034  00000+0  00000+0 0  9993
2 43633   0.0469  85.9205 0001071 210.3602 123.2576  1.00272259 16801
AEHF-4 (USA 288)        
1 43651U 18079A   23113.86845753 -.00000279  00000+0  00000+0 0  9997
2 43651   2.0202 323.1117 0002960  71.0115  62.6486  1.00271843 16765
BEIDOU-3 G1             
1 43683U 18085A   23113.90977365 -.00000280  00000+0  00000+0 0  9991
2 43683   1.2393 134.8943 0004138 307.3463 237.0707  1.00270602 16526
GSAT-29                 
1 43698U 18089A   23113.87341020  .00000082  00000+0  00000+0 0  9999
2 43698   0.1175  88.8167 0001991 294.8825 197.3809  1.00273160 16253
ES'HAIL 2               
1 43700U 18090A   23114.05188208  .00000141  00000+0  00000+0 0  9999
2 43700   0.0174 243.1375 0001042 159.4709 213.6749  1.00271052 16383
GEO-KOMPSAT-2A          
1 43823U 18100A   23113.97915682 -.00000347  00000+0  00000+0 0  9990
2 43823   0.0587  69.8049 0001733 345.6995 276.9998  1.00272969 16129
GSAT-11                 
1 43824U 18100B   23113.89661177 -.00000081  00000+0  00000+0 0  9994
2 43824   0.0474 271.6463 0006354 154.6694 182.1395  1.00271699 15943
GSAT-7A                 
1 43864U 18105A   23112.67559184  .00000022  00000+0  00000+0 0  9996
2 43864   0.0431  97.6452 0001547 292.7868 126.0392  1.00274674 15917
COSMOS 2533             
1 43867U 18107A   23112.67707365 -.00000043  00000+0  00000+0 0  9991
2 43867   0.0314 112.4167 0000160  57.5649 354.2318  1.00272015 15889
TJS-3                   
1 43874U 18110A   23113.93327321 -.00000053  00000+0  00000+0 0  9994
2 43874   0.0932  93.7248 0001830 343.8216 271.7015  1.00496077 15883
CHINASAT 2D (ZX 2D)     
1 43920U 19001A   23113.90776885 -.00000340  00000+0  00000+0 0  9995
2 43920   0.0169 254.0445 0000676 253.5285 160.9212  1.00272358 42543
HELLAS-SAT 4 & SGS-1    
1 44034U 19007A   23113.72757947  .00000149  00000+0  00000+0 0  9992
2 44034   0.0735 119.8674 0003436  19.0442  13.5111  1.00270911 15823
GSAT-31                 
1 44035U 19007B   23113.89146903  .00000122  00000+0  00000+0 0  9996
2 44035   0.0871  93.3963 0002620 240.8336 246.2429  1.00274323 15448
NUSANTARA SATU          
1 44048U 19009A   23113.98590959 -.00000237  00000+0  00000+0 0  9994
2 44048   0.0346 131.9945 0002813 322.0929 258.6059  1.00271450 15245
CHINASAT 6C (ZX 6C)     
1 44067U 19012A   23109.58996623 -.00000347  00000+0  00000+0 0  9990
2 44067   0.0622 273.0083 0004089  30.6428 246.1432  1.00271949 15157
WGS 10 (USA 291)        
1 44071U 19014A   23113.86629316  .00000044  00000+0  00000+0 0  9998
2 44071   0.0114 255.7201 0001777 340.6608 347.4063  1.00269306 15094
TIANLIAN 2-01           
1 44076U 19017A   23113.82618291 -.00000140  00000+0  00000+0 0  9990
2 44076   0.0542 284.1188 0030646 230.9056  73.9975  1.00273043 15129
ARABSAT-6A              
1 44186U 19021A   23113.73313122  .00000150  00000+0  00000+0 0  9992
2 44186   0.0493 349.5483 0001611  30.7806 125.5677  1.00271803 14628
BEIDOU-3 IGSO-1         
1 44204U 19023A   23113.82356514 -.00000229  00000+0  00000+0 0  9995
2 44204  57.0247  49.6548 0019041 207.6802  10.1247  1.00269219 14827
BEIDOU-2 G8             
1 44231U 19027A   23113.91073247 -.00000250  00000+0  00000+0 0  9992
2 44231   1.6246  81.0111 0004239 134.3539 108.7478  1.00271323 14530
YAMAL 601               
1 44307U 19031A   23110.94388385  .00000113  00000+0  00000+0 0  9990
2 44307   0.0201 248.0743 0002402 140.5605 208.9249  1.00273364 14364
AT&T T-16               
1 44333U 19034A   23114.03452108 -.00000119  00000+0  00000+0 0  9998
2 44333   0.0157 258.8788 0000802 343.2336 241.2619  1.00272944 14090
EUTELSAT 7C             
1 44334U 19034B   23113.23801831  .00000045  00000+0  00000+0 0  9998
2 44334   0.0624 231.1805 0003207 141.8505 290.6843  1.00271705 14569
BEIDOU-3 IGSO-2         
1 44337U 19035A   23113.90829654 -.00000103  00000+0  00000+0 0  9995
2 44337  55.1378 168.9663 0030514 200.0126 288.6016  1.00262589 14161
COSMOS 2539             
1 44457U 19048A   23113.88432152  .00000078  00000+0  00000+0 0  9992
2 44457   0.0376 105.0333 0000565  78.4372 358.5279  1.00270495 13690
EDRS-C                  
1 44475U 19049A   23113.32693760  .00000151  00000+0  00000+0 0  9998
2 44475   0.0739 260.8023 0000810 122.8335 336.3655  1.00269816 13669
INTELSAT 39 (IS-39)     
1 44476U 19049B   23112.71021875  .00000030  00000+0  00000+0 0  9999
2 44476   0.0171 254.1629 0001084 291.2587 342.6899  1.00270678 13592
AMOS-17                 
1 44479U 19050A   23113.89841087  .00000106  00000+0  00000+0 0  9993
2 44479   0.0080 213.0810 0001476 174.6048 164.4040  1.00270517 13658
AEHF-5 (USA 292)        
1 44481U 19051A   23113.82095301  .00000079  00000+0  00000+0 0  9999
2 44481   3.6302 304.5670 0047107   1.8589 255.2210  1.00269823 13723
EUTELSAT 5 WEST B       
1 44624U 19067A   23113.66578675 -.00000045  00000+0  00000+0 0  9991
2 44624   0.1095  58.0084 0003875  21.7767   6.3374  1.00272722 12914
MEV-1                   
1 44625U 19067B   23113.30290340 -.00000205  00000+0  00000+0 0  9991
2 44625   0.0359  88.3908 0000682 304.9158 259.3332  1.00272740 80044
TJS-4                   
1 44637U 19070A   23113.82679306 -.00000172  00000+0  00000+0 0  9991
2 44637   0.0564  46.4792 0002866   0.8256 185.3737  1.00269407 13014
BEIDOU-3 IGSO-3         
1 44709U 19073A   23113.90532824 -.00000182  00000+0  00000+0 0  9997
2 44709  56.7579 293.1433 0030210 176.9487 186.6642  1.00268278 12918
TIBA-1                  
1 44800U 19080A   23113.81729209  .00000152  00000+0  00000+0 0  9998
2 44800   0.0590   7.8816 0001862  14.0469 159.3660  1.00270919 12522
INMARSAT GX5            
1 44801U 19080B   23114.06021687  .00000072  00000+0  00000+0 0  9993
2 44801   0.0624  55.6908 0001678 332.9228 215.8932  1.00273701 12559
JCSAT-18 (KACIFIC 1)    
1 44868U 19091A   23113.76839265 -.00000204  00000+0  00000+0 0  9991
2 44868   0.0018  62.9081 0000372 209.4397   5.7966  1.00272143 12481
ELEKTRO-L 3             
1 44903U 19095A   23113.75345356 -.00000098  00000+0  00000+0 0  9998
2 44903   0.0417 291.5349 0000623 151.2962 115.8769  1.00268522 12156
SHIJIAN-20 (SJ-20)      
1 44910U 19097A   23113.81694344  .00000153  00000+0  00000+0 0  9990
2 44910   1.9601  88.6486 0002864 302.3260 148.7190  1.00273441 12165
TJS-5                   
1 44978U 20002A   23113.85882660 -.00000346  00000+0  00000+0 0  9991
2 44978   0.3363  87.3315 0003193 172.9439   8.0876  1.00270456 12161
GSAT-30                 
1 45026U 20005A   23113.89844222 -.00000168  00000+0  00000+0 0  9997
2 45026   0.0963  92.8879 0002345 344.7773 180.4498  1.00271460 11972
EUTELSAT KONNECT        
1 45027U 20005B   23113.23810549  .00000046  00000+0  00000+0 0  9995
2 45027   0.0584  83.2315 0000374 178.1873  42.5144  1.00272115 12785
JCSAT-17                
1 45245U 20013A   23113.76785560 -.00000324  00000+0  00000+0 0  9998
2 45245   5.8812 346.8872 0003069  26.6558 250.4078  1.00272679 11691
GEO-KOMPSAT-2B          
1 45246U 20013B   23113.90742020 -.00000347  00000+0  00000+0 0  9994
2 45246   0.0244 343.4283 0001402 325.9892 357.1910  1.00273024 11743
BEIDOU-3 G2             
1 45344U 20017A   23113.89783206 -.00000145  00000+0  00000+0 0  9992
2 45344   1.9985   9.0174 0002014  67.0378 178.8734  1.00272209 11725
AEHF-6 (USA 298)        
1 45465U 20022B   23113.90933782 -.00000305  00000+0  00000+0 0  9998
2 45465   5.2203 300.6148 0047907  10.7299   5.4533  1.00273601 11489
BEIDOU-3 G3             
1 45807U 20040A   23114.04731969 -.00000358  00000+0  00000+0 0  9995
2 45807   0.7965 322.5068 0006636 327.9896  48.8478  1.00277608 10555
APSTAR 6D               
1 45863U 20045A   23113.72757788 -.00000321  00000+0  00000+0 0  9993
2 45863   0.0607  83.8686 0003370 320.0515 203.5228  1.00272156 10321
KOREASAT 116            
1 45920U 20048A   23113.90506675 -.00000366  00000+0  00000+0 0  9996
2 45920   0.0133 275.8767 0000749 108.0902 269.7237  1.00275074 10105
EXPRESS 103             
1 45985U 20053A   23112.94941624 -.00000285  00000+0  00000+0 0  9993
2 45985   0.0114 235.4531 0000219  43.4819  10.1045  1.00271874 10106
EXPRESS 80              
1 45986U 20053B   23113.19172385 -.00000140  00000+0  00000+0 0  9992
2 45986   0.0302 264.8453 0002357 247.0992 208.0655  1.00273092 10103
BSAT-4B                 
1 46112U 20056A   23113.90375927 -.00000353  00000+0  00000+0 0  9999
2 46112   0.0776 105.0195 0002979 346.1999 195.6419  1.00271223  9850
MEV-2                   
1 46113U 20056B   23113.36160566 -.00000014  00000+0  00000+0 0  9995
2 46113   0.0084 203.2750 0000786 192.0224 305.0355  1.00272720 69006
GALAXY 30 (G-30)        
1 46114U 20056C   23113.64190359  .00000034  00000+0  00000+0 0  9991
2 46114   0.0105 246.7484 0002065 165.2854 265.4785  1.00272396  9751
GAOFEN 13-01            
1 46610U 20071A   23113.90532824 -.00000366  00000+0  00000+0 0  9994
2 46610   0.1198  84.5713 0003633  27.8963 182.9303  1.00266840  9367
TIANTONG-1 2            
1 46916U 20082A   23113.85274875 -.00000361  00000+0  00000+0 0  9993
2 46916   3.3754 293.7062 0002074 138.8229 210.9984  1.00267632  9116
LUCAS (JDRS-1)          
1 47202U 20089A   23113.82827486 -.00000239  00000+0  00000+0 0  9992
2 47202   0.0493  87.7591 0002839 296.2695 216.5323  1.00271760  8881
SXM-7                   
1 47240U 20096A   23113.14797709 -.00000208  00000+0  00000+0 0  9997
2 47240   0.0245 356.8711 0001745 210.8412 331.2514  1.00271511  8775
CMS-01                  
1 47256U 20099A   23113.89844222 -.00000169  00000+0  00000+0 0  9998
2 47256   0.0235 262.8505 0005812  30.1789 325.0952  1.00272477  8664
TURKSAT 5A              
1 47306U 21001A   23113.22618888  .00000151  00000+0  00000+0 0  9992
2 47306   0.0289 106.9590 0000317 133.3592  83.0314  1.00271706  8436
TIANTONG-1 3            
1 47321U 21003A   23113.74493873 -.00000161  00000+0  00000+0 0  9995
2 47321   3.7570 308.6017 0003334  85.2765 167.3426  1.00271284  8431
TJS-6                   
1 47613U 21010A   23113.82549222  .00000041  00000+0  00000+0 0  9992
2 47613   0.1411  58.0638 0002333 339.9158 289.3777  1.00274979  8267
SBIRS GEO-5 (USA 315)   
1 48618U 21042A   23113.81432851  .00000108  00000+0  00000+0 0  9995
2 48618   6.8299 325.6109 0001626  53.3132 146.7067  1.00273285  7221
FENGYUN 4B              
1 48808U 21047A   23113.90846618 -.00000326  00000+0  00000+0 0  9994
2 48808   0.1655 286.7386 0003502 226.4583 158.7092  1.00267386  7032
SXM-8                   
1 48838U 21049A   23111.33389191 -.00000210  00000+0  00000+0 0  9994
2 48838   0.0169 237.6246 0001862  99.8390 266.6607  1.00271527  7043
TIANLIAN 1-05           
1 49011U 21063A   23114.05743649  .00000104  00000+0  00000+0 0  9999
2 49011   1.3807 280.2785 0002830 131.9078 197.0745  1.00273384  6546
STAR ONE D2             
1 49055U 21069A   23110.61544178 -.00000271  00000+0  00000+0 0  9993
2 49055   0.0100 193.3226 0001095 218.9459 307.7373  1.00270899  6366
EUTELSAT QUANTUM        
1 49056U 21069B   23114.06924340  .00000123  00000+0  00000+0 0  9995
2 49056   0.0384  63.6416 0001247 308.4798 272.3398  1.00274346  6388
CHINASAT 2E (ZX 2E)     
1 49062U 21071A   23114.04479189 -.00000294  00000+0  00000+0 0  9999
2 49062   0.0749  69.6181 0000376  14.8662 241.4580  1.00268546  6515
TJS-7                   
1 49115U 21077A   23113.86209450 -.00000126  00000+0  00000+0 0  9999
2 49115   0.4928  99.7033 0000584  43.2902 279.4669  1.00270261  6281
CHINASAT 9B             
1 49125U 21080A   23113.90210314 -.00000316  00000+0  00000+0 0  9991
2 49125   0.0591  89.2068 0001384 295.9937 252.6278  1.00270456  6105
SHIJIAN-21 (SJ-21)      
1 49330U 21094A   23113.89591444 -.00000017  00000+0  00000+0 0  9996
2 49330   9.0268  48.1096 0096320  22.6618 173.7623  1.00081579  5723
SES-17                  
1 49332U 21095A   23113.86854470 -.00000275  00000+0  00000+0 0  9993
2 49332   0.0072 205.5358 0000921 172.9926  78.6873  1.00269595  6314
SYRACUSE 4A             
1 49333U 21095B   23113.87341020  .00000132  00000+0  00000+0 0  9998
2 49333   0.0149 305.7603 0001503  80.4681 185.3538  1.00271082  6446
QZS-1R                  
1 49336U 21096A   23113.83550925 -.00000242  00000+0  00000+0 0  9997
2 49336  35.0865  96.9691 0752625 270.2955 281.2659  1.00276706  5480
CHINASAT 1D (ZX 1D)     
1 49505U 21114A   23113.99146655 -.00000339  00000+0  00000+0 0  9991
2 49505   0.6838 274.9851 0000770 266.7432 157.0991  1.00274598  5283
STPSAT-6                
1 49817U 21118A   23113.99840904 -.00000049  00000+0  00000+0 0  9997
2 49817   0.0502  91.8269 0000734 301.0461  66.6560  1.00272339  5047
LDPE-1                  
1 49818U 21118B   23113.86218167 -.00000225  00000+0  00000+0 0  9990
2 49818   1.1530  94.0633 0002399 206.0876 122.6419  1.01189552  5078
EXPRESS AMU-7           
1 50001U 21123A   23113.01162035 -.00000246  00000+0  00000+0 0  9994
2 50001   0.0243 262.1467 0000066  42.6678  55.1823  1.00271654  5005
EXPRESS AMU-3           
1 50002U 21123B   23113.12827596 -.00000324  00000+0  00000+0 0  9994
2 50002   0.0313 248.9465 0000245 144.4811 326.5739  1.00269383  4964
TIANLIAN 2-02           
1 50005U 21124A   23113.87271352 -.00000019  00000+0  00000+0 0  9994
2 50005   1.7557 278.8306 0002873  98.4859 319.4322  1.00272149  5076
TURKSAT 5B              
1 50212U 21126A   23113.16299463  .00000142  00000+0  00000+0 0  9997
2 50212   0.0718 343.3012 0004771   0.9611 327.3416  1.00272167  4758
INMARSAT 6-F1           
1 50319U 21128A   23113.10997326 -.00000176  00000+0  00000+0 0  9992
2 50319   0.0461  77.8860 0000354  85.6986 170.6456  1.00272233  4712
SHIYAN 12 01 (SY-12 01) 
1 50321U 21129A   23113.93149196 -.00000010  00000+0  00000+0 0  9998
2 50321   0.7012 101.2201 0001035 299.5509 312.7987  1.00497374  4969
SHIYAN 12 02 (SY-12 02) 
1 50322U 21129B   23113.89556578  .00000017  00000+0  00000+0 0  9996
2 50322   0.7014 101.2583 0000786 257.0107 244.2567  1.00047188  4967
TJS-9                   
1 50574U 21135A   23113.90925066 -.00000302  00000+0  00000+0 0  9994
2 50574   0.0627  73.4476 0005380 347.0381 255.7517  1.00272067  4901
USA 324                 
1 51280U 22006A   23111.16814420  .00000037  00000+0  00000+0 0  9998
2 51280   0.7410  93.7261 0001811 357.1651 231.7070  1.00594644  4543
USA 325                 
1 51281U 22006B   23110.85789313 -.00000368  00000+0  00000+0 0  9994
2 51281   0.1126  83.8774 0000500 335.9125 216.5712  1.00373910  4540
GOES 18                 
1 51850U 22021A   23113.51978988  .00000093  00000+0  00000+0 0  9991
2 51850   0.0037  34.8178 0000561 285.0486 301.5654  1.00274147  4247
CHINASAT 6D             
1 52255U 22038A   23113.97845950 -.00000357  00000+0  00000+0 0  9995
2 52255   0.0617 272.0967 0001633  65.9985 350.9580  1.00274200  3901
NILESAT 301             
1 52817U 22061A   23114.09841008 -.00000061  00000+0  00000+0 0  9991
2 52817   0.0560  33.0674 0005821 344.3753 222.8582  1.00271040  3203
CMS-02 (GSAT 24)        
1 52903U 22067A   23113.89844222 -.00000168  00000+0  00000+0 0  9999
2 52903   0.0800 272.0239 0006967 159.0451 187.0353  1.00272062  3085
MEASAT 3D               
1 52904U 22067B   23113.82844919 -.00000245  00000+0  00000+0 0  9992
2 52904   0.0325 340.4721 0002389   8.7030 252.1657  1.00273226  3119
SES-22                  
1 52933U 22071A   23113.71161448  .00000085  00000+0  00000+0 0  9997
2 52933   0.0168 270.7723 0001622 100.6672 321.2379  1.00274829  3003
WFOV (USA 332)          
1 52940U 22073A   23113.90567691 -.00000365  00000+0  00000+0 0  9990
2 52940   0.7417  94.4003 0001577  22.5270 180.0684  1.00273687  2833
TIANLIAN 2-03           
1 53100U 22078A   23113.88397286  .00000067  00000+0  00000+0 0  9990
2 53100   2.3050 282.0256 0003101 154.0424 104.3591  1.00274375  3017
SBIRS GEO-6 (USA 336)   
1 53355U 22092A   23113.70960969  .00000107  00000+0  00000+0 0  9998
2 53355   6.0568 311.3651 0007459 147.9482 222.6204  1.00272840  2709
EUTELSAT KONNECT VHTS   
1 53765U 22110A   23114.09788925  .00000014  00000+0  00000+0 0  9994
2 53765   0.0177 250.3625 0003215 150.6618 208.7368  1.00272495  2257
CHINASAT 1E (ZX 1E)     
1 53813U 22112A   23113.01275513 -.00000154  00000+0  00000+0 0  9991
2 53813   0.9549 278.2893 0002891 107.7455 270.7284  1.00273386  2290
SES-20                  
1 53960U 22123A   23113.61705039 -.00000104  00000+0  00000+0 0  9998
2 53960   0.0511 112.5727 0001297 304.1887 273.6908  1.00274025  2005
SES-21                  
1 53961U 22123B   23112.70868500  .00000066  00000+0  00000+0 0  9997
2 53961   0.0132 109.4015 0001023 278.5540 306.6807  1.00270990  2010
GALAXY 33 (G-33)        
1 54026U 22128A   23113.21906073  .00000075  00000+0  00000+0 0  9990
2 54026   0.0040 224.1461 0001742 163.8295 128.8769  1.00272622  2208
GALAXY 34 (G-34)        
1 54027U 22128B   23112.77349915  .00000055  00000+0  00000+0 0  9995
2 54027   0.0077 254.8418 0003029 177.4053 287.7833  1.00271681  2362
ANGOSAT 2               
1 54033U 22131A   23113.22618888  .00000132  00000+0  00000+0 0  9991
2 54033   0.0139 218.7728 0000153 152.3373 304.3178  1.00273643  1922
EUTELSAT HOTBIRD 13F    
1 54048U 22134A   23113.66691990 -.00000003  00000+0  00000+0 0  9991
2 54048   0.0651 298.1496 0001845  41.0661 112.7853  1.00272504  1931
CHINASAT 19 (ZX 19)     
1 54230U 22148A   23111.72757884 -.00000086  00000+0  00000+0 0  9990
2 54230   0.0118 162.2300 0004760 117.6659 354.8515  1.00271450  1813
GALAXY 31 (G-31)        
1 54243U 22153A   23113.03313306  .00000010  00000+0  00000+0 0  9999
2 54243   0.0179 232.2493 0002835  66.6010 162.8929  1.00271754  1600
GALAXY 32 (G-32)        
1 54244U 22153B   23113.86375064 -.00000177  00000+0  00000+0 0  9995
2 54244   0.0550  54.9417 0002839 319.9893  56.6541  1.00271607  1603
GALAXY 35 (G-35)        
1 54741U 22170A   23113.57626848 -.00000155  00000+0  00000+0 0  9999
2 54741   0.0052 286.5216 0002898 140.1100 257.3296  1.00271896  1351
GALAXY 36 (G-36)        
1 54742U 22170B   23113.86418646 -.00000188  00000+0  00000+0 0  9993
2 54742   0.0107 196.9695 0002894 233.8992   2.8758  1.00271859  1235
METEOSAT-12 (MTG-I1)    
1 54743U 22170C   23114.07757708 -.00000036  00000+0  00000+0 0  9995
2 54743   0.7048 305.7468 0002935 103.0154 187.4003  1.00270528  1447
SHIJIAN-23 (SJ-23)      
1 55131U 23002A   23113.81511299  .00000147  00000+0  00000+0 0  9998
2 55131   0.7492  93.3463 0001011 229.1540 207.0543  1.00431407   970
USA 340                 
1 55138U 22144E   23111.93055556 -.00000189  00000+0  00000+0 0  9998
2 55138   2.9443  65.7950 0003657 271.4413 194.1342  0.99756577  1438
USA 342                 
1 55263U 23008A   23113.58349553  .00000063  00000+0  00000+0 0  9993
2 55263   0.0100 241.2046 0000241  78.9504 330.7774  1.00273192   975
LDPE-3A                 
1 55264U 23008B   23113.87046233 -.00000247  00000+0  00000+0 0  9990
2 55264   0.1650  83.4251 0000608 297.5162  86.6699  0.99609313   289
ELEKTRO-L 4             
1 55506U 23016A   23112.95407226 -.00000063  00000+0  00000+0 0  9995
2 55506   0.3751 289.0223 0002286  47.2808  23.6842  1.00270983   782
CHINASAT 26 (ZX 26)     
1 55686U 23023A   23113.90681005 -.00000357  00000+0  00000+0 0  9993
2 55686   0.0840  78.2744 0003642 349.6282 235.3165  1.00275065   703
LUCH-5X (OLYMP-K 2)     
1 55841U 23031A   23113.86959116  .00000061  00000+0  00000+0 0  9992
2 55841   0.0439   4.4432 0000465 197.8548  20.3809  1.00271444   426
GAOFEN 13-02            
1 55912U 23036A   23112.63508106 -.00000238  00000+0  00000+0 0  9996
2 55912   2.9774 300.8844 0002116 299.5718 345.2258  1.00275264   546
SES-18                  
1 55970U 23038A   23111.29675527  .00000106  00000+0  00000+0 0  9998
2 55970   0.0443 263.5622 0000269 242.9093  28.3498  1.00275731   551
SES-19                  
1 55971U 23038B   23113.71004551  .00000114  00000+0  00000+0 0  9990
2 55971   0.0388 275.5847 0000516  10.5569  38.1757  1.00273653   541
